0
1
1
1
2
3
4
4
4
5
5
7
8
8
9
11
12
12
16
17
17
19
19
19
19
19
22
22
23
25
26
26
27
27
27
28
28
28
29
30
35
37
38
38
39
40
40
43
43
44
45
47
47
48
49
49
51
52
54
55
55
57
59
63
63
64
64
64
66
68
69
69
70
71
75
75
76
76
76
79
83
84
87
88
91
92
92
92
92
93
94
94
95
95
95
96
96
97
97
97
98
98
99
99
99
100
102
103
105
105
106
107
111
111
111
111
111
113
115
116
116
116
116
117
117
119
121
122
124
124
124
124
128
129
129
130
132
133
133
138
138
140
141
143
144
145
146
147
147
147
148
150
150
151
154
154
154
156
156
159
159
159
160
160
160
161
162
162
164
164
165
168
168
170
171
171
172
174
175
176
176
177
177
178
178
178
179
180
180
181
181
182
183
184
184
185
186
186
187
188
189
189
191
193
194
196
199
199
199
200
203
206
206
206
207
208
209
210
211
211
212
214
214
215
216
221
222
222
222
225
227
228
228
229
229
229
229
230
231
231
232
233
233
236
236
237
239
239
242
246
246
249
249
249
251
253
254
254
254
255
257
257
258
259
259
259
260
261
261
262
262
263
264
264
265
271
272
276
276
276
277
279
280
282
284
284
289
292
294
297
298
299
300
302
303
303
303
304
307
308
308
308
312
314
314
315
315
316
319
320
321
322
323
324
324
325
326
326
327
328
328
330
331
331
331
331
332
333
334
335
336
338
339
339
340
340
342
343
346
346
346
348
349
350
351
351
352
353
353
353
354
355
356
356
356
357
358
358
359
359
361
362
362
365
366
367
367
368
368
370
370
370
371
371
372
375
376
376
380
381
382
383
384
384
385
385
385
387
387
388
389
389
390
390
391
391
391
394
394
395
396
398
399
400
400
401
403
403
403
404
405
406
407
407
409
410
411
414
416
416
417
420
423
423
427
430
431
431
433
434
439
439
440
441
441
443
446
446
448
450
451
452
452
452
453
454
455
456
456
457
459
460
460
460
461
462
463
464
465
466
467
467
467
468
469
469
469
470
474
474
475
477
479
480
481
482
483
484
485
485
486
488
489
489
489
490
490
491
491
491
491
492
492
493
494
496
497
500
501
502
502
502
503
503
504
505
505
506
509
509
510
511
513
514
515
516
519
519
521
522
524
526
527
528
529
532
532
532
534
534
534
535
535
535
535
535
536
537
538
538
538
539
540
541
542
543
543
545
547
547
547
548
548
548
548
548
553
554
554
554
555
556
557
559
559
561
563
565
565
569
569
572
573
574
574
579
580
582
582
583
584
584
584
585
587
589
590
592
593
593
593
594
594
595
595
596
598
599
601
601
602
603
604
605
605
606
607
608
609
609
610
610
611
615
616
619
621
621
621
622
623
624
625
627
628
628
629
632
632
632
633
634
635
635
637
638
639
639
640
641
641
644
645
647
647
651
652
653
654
654
654
655
655
656
658
659
660
661
662
662
663
663
663
663
665
665
667
667
667
668
669
670
671
671
672
673
674
674
677
678
681
681
681
682
684
685
685
687
687
690
691
693
693
693
695
696
697
697
698
700
700
702
702
703
703
704
706
706
707
707
709
710
710
711
711
712
712
713
715
716
716
718
719
721
722
723
723
724
725
726
726
727
727
728
728
728
729
730
730
730
731
732
734
735
736
738
739
739
742
744
744
745
746
747
747
749
749
749
750
754
756
756
758
758
758
760
760
761
761
762
764
765
769
770
772
773
773
774
774
775
775
775
776
777
777
777
782
782
782
787
788
790
791
793
795
795
796
797
797
797
801
803
803
808
811
812
813
813
814
815
815
815
816
817
822
822
823
824
825
826
828
828
828
828
828
832
835
836
838
838
838
838
840
842
843
844
844
845
845
845
846
846
847
848
848
849
850
850
851
853
858
858
859
859
860
861
861
861
863
863
864
864
866
868
869
872
874
874
874
874
875
875
875
876
876
876
879
879
879
881
881
881
882
882
883
883
884
885
887
887
888
888
889
890
893
893
897
897
898
899
900
900
901
901
903
903
906
906
907
908
910
910
911
911
912
913
913
913
914
918
920
922
922
924
924
924
925
925
926
926
926
926
926
927
928
929
930
932
932
933
934
935
936
938
939
940
941
942
943
944
945
946
946
946
946
946
947
949
949
950
950
952
953
953
955
957
957
958
958
958
959
963
965
966
968
968
971
974
975
975
978
979
979
980
980
981
981
981
981
982
982
983
983
985
987
987
988
988
988
989
989
990
990
990
991
991
992
993
994
995
1000
1001
1003
1003
1004
1006
1007
1007
1009
1009
1010
1010
1010
1010
1011
1014
1015
1015
1015
1015
1017
1017
1017
1018
1019
1021
1021
1021
1026
1027
1027
1027
1029
1031
1031
1032
1034
1035
1035
1036
1037
1037
1038
1038
1038
1041
1042
1042
1043
1043
1043
1045
1046
1047
1048
1050
1051
1051
1052
1053
1060
1060
1061
1061
1061
1062
1063
1064
1064
1065
1066
1067
1068
1069
1070
1070
1070
1071
1071
1072
1074
1074
1074
1075
1075
1076
1076
1077
1078
1079
1079
1079
1079
1080
1080
1082
1083
1083
1084
1085
1086
1088
1089
1089
1090
1090
1091
1093
1093
1094
1096
1097
1098
1099
1100
1101
1101
1101
1101
1102
1106
1111
1112
1113
1113
1114
1114
1115
1115
1115
1115
1116
1116
1117
1117
1120
1121
1122
1123
1123
1124
1124
1125
1125
1126
1128
1128
1129
1130
1133
1134
1134
1134
1135
1135
1135
1136
1137
1138
1138
1141
1141
1143
1144
1144
1145
1146
1147
1147
1149
1151
1152
1153
1154
1155
1155
1158
1159
1159
1159
1160
1161
1161
1162
1162
1164
1165
1167
1168
1168
1168
1169
1170
1170
1171
1173
1173
1173
1173
1175
1175
1176
1178
1178
1178
1179
1179
1181
1181
1183
1185
1187
1189
1190
1190
1191
1192
1196
1196
1197
1197
1198
1198
1199
1200
1200
1201
1201
1202
1203
1203
1204
1206
1208
1209
1210
1212
1212
1214
1215
1215
1217
1218
1218
1220
1220
1221
1221
1222
1223
1223
1224
1225
1227
1228
1229
1229
1230
1230
1233
1233
1236
1236
1237
1238
1239
1239
1240
1240
1241
1242
1244
1245
1247
1247
1247
1248
1249
1250
1251
1252
1253
1254
1255
1255
1255
1256
1257
1257
1258
1259
1261
1262
1262
1263
1263
1265
1268
1269
1270
1270
1271
1272
1273
1276
1276
1277
1278
1279
1279
1280
1281
1281
1282
1283
1286
1287
1288
1289
1290
1290
1290
1291
1292
1293
1293
1294
1295
1299
1301
1301
1302
1304
1305
1305
1306
1307
1308
1309
1309
1309
1309
1314
1314
1315
1316
1317
1317
1318
1318
1319
1322
1322
1323
1323
1323
1324
1326
1326
1330
1330
1333
1334
1335
1337
1337
1338
1341
1342
1343
1343
1344
1346
1346
1346
1347
1350
1351
1351
1352
1352
1354
1355
1356
1356
1356
1358
1360
1360
1361
1361
1361
1366
1367
1367
1367
1368
1370
1370
1370
1371
1372
1374
1375
1376
1377
1377
1378
1379
1380
1381
1382
1384
1386
1386
1387
1388
1388
1389
1391
1392
1392
1392
1393
1393
1394
1395
1396
1396
1397
1398
1402
1405
1406
1406
1406
1408
1408
1410
1410
1411
1411
1412
1413
1413
1414
1414
1417
1418
1421
1422
1423
1424
1424
1424
1425
1426
1427
1429
1429
1431
1431
1433
1433
1433
1434
1440
1440
1440
1440
1441
1441
1446
1447
1451
1452
1453
1453
1454
1455
1458
1458
1458
1458
1459
1460
1460
1461
1461
1462
1462
1463
1467
1468
1469
1471
1471
1472
1472
1473
1475
1475
1477
1480
1480
1483
1484
1484
1486
1487
1488
1490
1491
1491
1492
1494
1494
1498
1498
1499
1499
1500
1500
1502
1503
1504
1505
1508
1508
1509
1511
1511
1511
1511
1513
1513
1513
1514
1514
1515
1515
1515
1516
1516
1517
1518
1519
1523
1523
1524
1525
1526
1526
1528
1529
1530
1531
1531
1531
1532
1532
1532
1532
1533
1534
1535
1535
1538
1539
1540
1542
1542
1543
1543
1544
1544
1545
1545
1545
1546
1548
1548
1551
1551
1552
1553
1556
1558
1558
1558
1559
1561
1562
1564
1565
1566
1566
1566
1567
1567
1567
1568
1569
1569
1570
1570
1571
1571
1574
1577
1578
1578
1579
1583
1584
1585
1585
1586
1586
1586
1588
1589
1594
1596
1596
1597
1599
1599
1600
1602
1602
1603
1603
1603
1604
1604
1604
1605
1605
1605
1607
1609
1610
1611
1611
1611
1612
1612
1613
1615
1618
1618
1618
1619
1622
1626
1626
1627
1630
1634
1634
1635
1636
1636
1637
1638
1639
1639
1639
1641
1641
1642
1645
1648
1650
1650
1652
1653
1653
1654
1655
1655
1656
1658
1659
1659
1661
1662
1663
1667
1667
1668
1670
1670
1671
1672
1675
1676
1677
1677
1679
1680
1681
1681
1682
1682
1683
1684
1684
1684
1685
1685
1686
1687
1687
1689
1690
1691
1692
1692
1693
1694
1695
1697
1698
1699
1699
1700
1701
1703
1707
1707
1707
1708
1709
1710
1711
1712
1713
1713
1714
1714
1715
1716
1718
1718
1718
1718
1719
1720
1720
1721
1721
1721
1722
1724
1724
1725
1725
1725
1726
1726
1726
1730
1734
1734
1735
1735
1736
1739
1739
1741
1742
1745
1745
1747
1754
1755
1757
1758
1758
1761
1764
1764
1765
1765
1765
1765
1766
1768
1769
1771
1771
1772
1774
1774
1775
1776
1776
1777
1777
1777
1777
1778
1779
1782
1783
1785
1785
1785
1787
1788
1788
1789
1792
1793
1794
1794
1794
1796
1797
1799
1799
1800
1800
1801
1802
1807
1808
1808
1809
1809
1812
1813
1815
1816
1820
1820
1823
1823
1825
1825
1825
1828
1830
1830
1836
1838
1838
1839
1840
1841
1842
1842
1843
1844
1844
1844
1844
1845
1845
1846
1847
1847
1848
1849
1850
1850
1850
1852
1852
1853
1854
1854
1854
1855
1855
1855
1855
1857
1858
1858
1861
1863
1864
1865
1868
1868
1872
1872
1872
1872
1873
1876
1876
1877
1877
1877
1878
1878
1878
1879
1880
1881
1881
1882
1882
1882
1883
1884
1885
1885
1886
1886
1887
1889
1889
1890
1891
1892
1892
1892
1894
1897
1900
1902
1904
1905
1906
1908
1908
1910
1910
1911
1911
1914
1918
1918
1919
1919
1919
1920
1920
1920
1923
1924
1924
1925
1926
1931
1934
1935
1935
1936
1936
1938
1939
1942
1943
1944
1950
1953
1953
1954
1954
1955
1956
1957
1957
1958
1961
1962
1964
1967
1970
1971
1973
1974
1974
1974
1977
1978
1978
1979
1979
1983
1983
1987
1988
1989
1989
1990
1991
1991
1991
1992
1993
1995
1996
1996
1997
1998
1999
1999
2000
2003
2003
2004
2005
2009
2015
2015
2016
2016
2017
2017
2017
2018
2019
2020
2023
2025
2026
2027
2027
2028
2028
2029
2029
2029
2031
2032
2033
2033
2034
2034
2035
2036
2038
2038
2039
2039
2039
2041
2044
2045
2048
2049
2049
2049
2050
2050
2051
2051
2053
2054
2055
2058
2058
2059
2059
2059
2062
2062
2063
2063
2064
2065
2066
2066
2068
2069
2070
2070
2070
2071
2073
2073
2073
2075
2075
2076
2078
2078
2078
2078
2080
2081
2081
2081
2082
2083
2083
2083
2084
2084
2085
2088
2088
2089
2089
2091
2091
2092
2092
2093
2094
2096
2098
2103
2103
2104
2105
2107
2108
2110
2111
2112
2114
2114
2114
2115
2115
2115
2116
2116
2117
2117
2117
2117
2118
2118
2120
2120
2121
2121
2123
2123
2123
2125
2126
2127
2127
2128
2128
2129
2130
2134
2135
2138
2141
2141
2146
2148
2149
2149
2149
2150
2150
2151
2152
2153
2154
2154
2154
2155
2159
2159
2160
2164
2167
2167
2168
2168
2169
2169
2169
2170
2172
2172
2172
2174
2174
2176
2176
2176
2177
2177
2177
2178
2178
2180
2180
2181
2181
2181
2182
2182
2184
2186
2187
2189
2189
2190
2192
2192
2192
2193
2194
2194
2194
2194
2201
2201
2202
2203
2203
2204
2205
2206
2210
2210
2214
2214
2215
2216
2218
2219
2223
2225
2226
2230
2231
2235
2235
2235
2235
2237
2238
2238
2238
2240
2240
2242
2244
2246
2246
2246
2247
2248
2250
2251
2252
2256
2256
2256
2258
2259
2259
2260
2261
2263
2263
2264
2265
2266
2266
2267
2268
2268
2268
2269
2269
2273
2274
2275
2276
2278
2278
2279
2279
2279
2280
2280
2281
2283
2283
2284
2285
2285
2286
2286
2287
2288
2288
2289
2290
2291
2293
2294
2296
2298
2299
2302
2303
2306
2307
2308
2309
2309
2314
2314
2314
2315
2315
2319
2319
2320
2320
2320
2321
2321
2322
2323
2323
2323
2328
2328
2329
2330
2330
2330
2330
2333
2334
2335
2336
2338
2341
2341
2341
2342
2343
2344
2344
2345
2345
2346
2347
2350
2352
2352
2352
2353
2355
2356
2357
2357
2358
2359
2362
2362
2363
2363
2364
2364
2365
2368
2368
2370
2372
2373
2373
2373
2373
2375
2375
2377
2378
2378
2379
2381
2381
2385
2385
2385
2388
2388
2392
2393
2393
2394
2394
2396
2396
2396
2397
2398
2398
2401
2404
2404
2404
2404
2405
2405
2407
2407
2407
2407
2408
2409
2410
2410
2411
2411
2412
2412
2416
2420
2423
2424
2424
2424
2426
2430
2430
2430
2431
2431
2432
2434
2434
2435
2438
2439
2440
2440
2442
2442
2443
2443
2444
2444
2444
2444
2446
2447
2447
2447
2448
2448
2448
2451
2452
2455
2455
2457
2459
2461
2461
2463
2463
2466
2466
2466
2468
2470
2470
2471
2474
2474
2474
2479
2480
2482
2484
2485
2485
2485
2486
2486
2487
2489
2491
2492
2495
2496
2496
2496
2496
2496
2499
2500
2501
2501
2503
2503
2504
2504
2504
2505
2505
2507
2507
2507
2507
2508
2510
2511
2511
2512
2512
2516
2517
2517
2518
2519
2519
2520
2520
2521
2524
2525
2527
2528
2528
2528
2529
2529
2533
2536
2537
2538
2538
2539
2540
2541
2544
2545
2547
2547
2547
2548
2548
2548
2550
2550
2552
2554
2554
2554
2555
2557
2558
2558
2558
2558
2559
2559
2560
2561
2561
2562
2563
2564
2567
2567
2567
2568
2568
2569
2569
2571
2572
2572
2572
2573
2573
2574
2575
2576
2577
2580
2580
2581
2582
2582
2583
2583
2584
2584
2586
2586
2586
2587
2588
2592
2596
2597
2597
2598
2599
2599
2605
2606
2608
2608
2608
2610
2611
2614
2616
2622
2623
2624
2626
2627
2628
2628
2630
2630
2631
2631
2632
2632
2632
2633
2634
2640
2641
2642
2643
2643
2643
2646
2646
2647
2648
2649
2651
2652
2654
2655
2656
2659
2660
2660
2660
2660
2663
2664
2665
2666
2666
2667
2667
2667
2668
2668
2670
2670
2670
2671
2673
2673
2674
2675
2678
2679
2681
2681
2681
2682
2683
2684
2684
2685
2685
2686
2688
2689
2692
2695
2697
2699
2700
2700
2701
2702
2702
2704
2705
2705
2705
2710
2710
2711
2714
2717
2719
2720
2720
2721
2721
2722
2722
2723
2724
2727
2727
2728
2730
2732
2732
2732
2732
2733
2733
2733
2736
2738
2738
2740
2742
2742
2745
2747
2749
2749
2751
2756
2757
2763
2767
2769
2770
2770
2770
2771
2772
2774
2775
2776
2776
2776
2777
2777
2777
2779
2779
2780
2781
2781
2783
2783
2784
2788
2789
2791
2791
2791
2792
2792
2793
2795
2796
2796
2797
2797
2798
2798
2799
2799
2799
2799
2801
2801
2801
2802
2804
2805
2805
2808
2809
2809
2811
2813
2813
2814
2814
2815
2817
2817
2817
2818
2821
2821
2822
2823
2824
2824
2825
2825
2826
2827
2830
2832
2832
2834
2834
2834
2835
2836
2836
2837
2837
2838
2839
2840
2840
2840
2843
2844
2845
2847
2848
2849
2850
2851
2853
2854
2854
2855
2855
2856
2858
2860
2860
2861
2861
2862
2864
2864
2865
2866
2866
2868
2872
2873
2874
2877
2877
2878
2878
2879
2879
2880
2880
2881
2881
2881
2882
2883
2884
2884
2886
2889
2890
2890
2892
2893
2894
2895
2896
2899
2901
2901
2901
2901
2903
2905
2905
2907
2907
2908
2909
2910
2910
2913
2914
2914
2916
2919
2919
2920
2921
2922
2922
2923
2923
2923
2923
2924
2925
2926
2926
2927
2927
2927
2931
2932
2933
2934
2935
2935
2936
2936
2941
2942
2942
2945
2947
2949
2952
2953
2955
2956
2957
2957
2958
2959
2961
2961
2963
2963
2963
2963
2964
2967
2968
2968
2968
2969
2970
2973
2973
2973
2974
2975
2976
2976
2977
2978
2978
2978
2978
2979
2979
2981
2983
2984
2986
2988
2990
2992
2992
2992
2994
2998
2998
2998
2999
2999
3000
3000
3000
3001
3002
3003
3004
3004
3005
3005
3006
3008
3008
3010
3010
3011
3011
3012
3012
3012
3012
3012
3012
3014
3015
3017
3021
3022
3023
3024
3024
3025
3027
3028
3028
3029
3031
3032
3033
3033
3037
3039
3041
3041
3041
3042
3044
3045
3047
3048
3055
3056
3057
3057
3058
3060
3060
3061
3061
3062
3063
3064
3064
3065
3067
3067
3068
3069
3070
3070
3073
3073
3073
3073
3074
3075
3075
3075
3077
3077
3080
3083
3083
3084
3084
3084
3085
3085
3086
3086
3087
3089
3090
3091
3091
3092
3093
3093
3093
3094
3094
3095
3095
3096
3096
3096
3096
3096
3096
3097
3098
3099
3099
3101
3102
3102
3104
3106
3108
3110
3111
3112
3115
3116
3116
3116
3118
3119
3123
3125
3126
3128
3129
3129
3130
3131
3137
3137
3140
3140
3143
3143
3144
3148
3148
3149
3149
3150
3151
3152
3152
3153
3153
3155
3155
3157
3159
3160
3164
3164
3164
3167
3167
3167
3169
3176
3177
3178
3179
3181
3181
3183
3184
3185
3188
3192
3192
3192
3193
3195
3197
3199
3200
3200
3201
3201
3202
3202
3203
3204
3207
3208
3208
3208
3208
3209
3209
3212
3214
3214
3215
3216
3218
3218
3219
3220
3220
3222
3223
3223
3223
3226
3227
3227
3227
3228
3230
3230
3231
3231
3232
3232
3234
3236
3237
3240
3241
3244
3245
3245
3246
3246
3247
3247
3249
3249
3250
3251
3252
3253
3254
3254
3256
3256
3257
3258
3259
3259
3259
3259
3262
3264
3266
3266
3266
3267
3269
3271
3271
3272
3273
3273
3273
3275
3276
3276
3277
3279
3281
3284
3285
3285
3287
3288
3290
3290
3292
3293
3293
3293
3293
3294
3295
3297
3297
3297
3301
3301
3301
3304
3306
3306
3306
3307
3308
3310
3310
3310
3311
3313
3315
3315
3319
3319
3321
3322
3322
3322
3323
3324
3326
3327
3328
3329
3329
3331
3333
3334
3334
3335
3336
3339
3340
3340
3344
3347
3347
3347
3348
3350
3351
3351
3353
3353
3358
3359
3359
3359
3359
3361
3361
3362
3362
3365
3365
3365
3367
3368
3368
3371
3372
3372
3373
3373
3373
3374
3375
3375
3376
3376
3376
3379
3379
3381
3382
3386
3387
3387
3388
3388
3388
3390
3391
3391
3392
3393
3394
3394
3398
3399
3400
3404
3404
3407
3408
3408
3409
3410
3411
3411
3412
3413
3414
3415
3415
3415
3417
3418
3418
3419
3419
3421
3423
3423
3425
3425
3425
3426
3426
3428
3429
3429
3431
3432
3433
3433
3433
3434
3434
3435
3437
3438
3441
3441
3442
3442
3444
3448
3450
3450
3453
3453
3456
3456
3457
3458
3459
3459
3460
3461
3461
3463
3463
3463
3465
3468
3471
3475
3476
3476
3477
3479
3480
3480
3482
3484
3485
3486
3487
3487
3488
3489
3489
3491
3491
3492
3492
3494
3495
3495
3496
3496
3496
3497
3499
3500
3501
3501
3502
3503
3503
3504
3505
3505
3507
3507
3509
3509
3509
3510
3511
3511
3511
3512
3513
3517
3517
3517
3517
3518
3518
3519
3519
3519
3520
3521
3521
3522
3522
3523
3524
3524
3525
3525
3527
3528
3528
3529
3530
3531
3533
3533
3535
3537
3537
3537
3537
3537
3538
3538
3539
3540
3540
3542
3543
3544
3545
3547
3547
3547
3547
3547
3548
3550
3551
3552
3552
3553
3553
3554
3557
3559
3559
3560
3561
3562
3562
3563
3565
3565
3565
3565
3566
3567
3567
3569
3571
3571
3571
3572
3573
3573
3573
3574
3575
3575
3575
3575
3577
3577
3579
3579
3581
3582
3582
3587
3588
3589
3589
3590
3591
3591
3591
3592
3593
3593
3593
3594
3595
3595
3598
3598
3599
3599
3599
3600
3601
3601
3602
3603
3604
3606
3607
3609
3609
3611
3612
3612
3614
3614
3616
3616
3618
3621
3622
3622
3624
3624
3624
3625
3626
3627
3628
3628
3629
3631
3632
3634
3635
3636
3636
3637
3639
3639
3641
3641
3641
3642
3643
3643
3644
3644
3644
3645
3645
3646
3647
3647
3647
3649
3650
3651
3651
3652
3653
3654
3656
3656
3658
3658
3660
3660
3661
3662
3662
3665
3666
3666
3667
3669
3670
3670
3670
3673
3674
3675
3676
3677
3677
3677
3678
3678
3678
3680
3681
3682
3683
3685
3686
3687
3688
3688
3688
3689
3690
3690
3691
3694
3697
3697
3697
3701
3701
3701
3701
3701
3702
3702
3702
3702
3703
3703
3704
3710
3710
3712
3715
3716
3716
3717
3717
3717
3719
3720
3721
3722
3722
3723
3724
3725
3726
3727
3727
3727
3728
3729
3731
3731
3734
3737
3738
3741
3741
3742
3743
3743
3744
3744
3745
3745
3747
3749
3749
3750
3751
3751
3752
3752
3752
3754
3756
3759
3761
3766
3768
3768
3768
3769
3773
3774
3774
3778
3779
3779
3780
3781
3782
3782
3783
3788
3788
3789
3790
3792
3792
3792
3793
3793
3793
3794
3795
3798
3801
3801
3803
3804
3805
3805
3810
3812
3814
3814
3814
3815
3817
3817
3820
3820
3821
3822
3824
3825
3826
3826
3827
3828
3831
3831
3833
3833
3834
3834
3835
3836
3836
3837
3838
3840
3840
3840
3843
3843
3847
3849
3854
3855
3857
3857
3857
3859
3861
3862
3866
3867
3867
3868
3869
3870
3871
3871
3873
3874
3874
3875
3875
3876
3878
3882
3885
3886
3889
3891
3891
3891
3891
3892
3892
3894
3894
3896
3896
3897
3898
3899
3900
3900
3900
3900
3903
3903
3905
3906
3907
3907
3907
3908
3908
3908
3909
3909
3909
3910
3910
3911
3912
3914
3917
3919
3920
3920
3920
3921
3923
3924
3925
3926
3927
3928
3930
3930
3932
3933
3934
3935
3936
3936
3940
3941
3941
3941
3942
3944
3944
3945
3945
3946
3946
3946
3946
3947
3949
3950
3950
3950
3953
3953
3953
3954
3954
3956
3956
3956
3958
3962
3967
3967
3967
3969
3969
3970
3973
3973
3974
3977
3979
3981
3982
3982
3983
3983
3985
3985
3986
3986
3988
3990
3991
3992
3992
3992
3993
3993
3994
3995
3996
3998
4001
4003
4003
4004
4004
4005
4005
4006
4008
4009
4009
4010
4010
4010
4012
4012
4017
4017
4018
4020
4020
4023
4024
4025
4025
4028
4028
4028
4028
4028
4029
4029
4029
4030
4034
4038
4040
4041
4042
4042
4044
4044
4045
4047
4047
4047
4048
4048
4050
4050
4051
4052
4053
4056
4057
4058
4059
4060
4061
4062
4062
4063
4063
4064
4065
4065
4065
4067
4067
4068
4070
4070
4071
4073
4074
4075
4075
4076
4076
4077
4077
4077
4077
4083
4085
4085
4086
4086
4088
4088
4090
4090
4091
4091
4092
4096
4096
4097
4100
4102
4103
4105
4107
4109
4111
4114
4115
4116
4116
4118
4119
4120
4121
4122
4122
4123
4127
4128
4129
4130
4131
4131
4131
4133
4134
4137
4138
4138
4139
4140
4140
4141
4142
4144
4147
4147
4147
4148
4148
4149
4149
4149
4150
4150
4152
4153
4156
4157
4158
4158
4161
4161
4162
4163
4164
4167
4168
4168
4172
4172
4173
4173
4174
4176
4177
4178
4178
4179
4180
4180
4183
4184
4184
4184
4186
4186
4189
4190
4192
4193
4193
4193
4194
4194
4197
4199
4199
4200
4200
4201
4202
4202
4203
4204
4206
4210
4210
4213
4213
4214
4216
4217
4218
4218
4218
4218
4219
4220
4221
4222
4223
4224
4226
4227
4227
4228
4230
4231
4231
4232
4233
4234
4235
4237
4240
4240
4242
4243
4243
4245
4245
4246
4248
4248
4249
4249
4250
4253
4253
4254
4255
4255
4256
4258
4259
4259
4261
4262
4262
4264
4264
4265
4265
4265
4269
4271
4271
4271
4273
4274
4274
4274
4275
4275
4276
4277
4277
4277
4277
4278
4283
4286
4287
4287
4287
4288
4289
4290
4292
4292
4295
4295
4295
4296
4297
4297
4297
4298
4298
4299
4301
4302
4304
4304
4306
4308
4308
4308
4308
4308
4309
4309
4310
4310
4310
4311
4315
4318
4319
4321
4321
4322
4324
4325
4326
4326
4327
4329
4330
4332
4332
4332
4333
4335
4336
4336
4338
4338
4339
4340
4342
4343
4345
4346
4349
4350
4351
4352
4357
4358
4358
4359
4361
4362
4362
4363
4367
4368
4370
4370
4370
4370
4372
4373
4373
4373
4373
4374
4375
4375
4376
4378
4378
4379
4379
4380
4384
4384
4384
4385
4386
4388
4388
4389
4389
4390
4390
4390
4393
4393
4394
4394
4396
4397
4397
4399
4399
4399
4402
4406
4406
4406
4406
4407
4408
4410
4411
4411
4412
4412
4413
4413
4414
4414
4417
4418
4418
4419
4419
4420
4421
4421
4421
4422
4423
4424
4425
4426
4428
4428
4431
4432
4432
4433
4433
4434
4434
4435
4436
4437
4438
4440
4441
4441
4442
4443
4443
4444
4444
4444
4445
4445
4446
4446
4447
4447
4448
4448
4449
4451
4451
4452
4452
4452
4454
4454
4456
4457
4457
4458
4458
4459
4461
4462
4462
4463
4464
4464
4468
4468
4470
4470
4471
4472
4473
4476
4476
4477
4478
4479
4479
4482
4484
4484
4486
4489
4490
4491
4493
4493
4494
4496
4497
4498
4498
4499
4501
4504
4504
4506
4506
4507
4507
4507
4511
4512
4513
4513
4513
4513
4514
4514
4514
4514
4517
4518
4518
4518
4519
4519
4519
4521
4522
4523
4524
4528
4531
4532
4533
4534
4534
4535
4536
4537
4537
4538
4542
4543
4544
4546
4547
4547
4548
4550
4550
4550
4550
4553
4554
4556
4557
4557
4558
4558
4559
4559
4560
4561
4561
4562
4562
4563
4563
4563
4567
4567
4568
4570
4572
4572
4573
4574
4575
4575
4577
4577
4577
4577
4577
4577
4578
4581
4581
4581
4584
4585
4586
4587
4588
4591
4592
4592
4594
4594
4595
4596
4597
4599
4601
4601
4602
4604
4606
4607
4607
4607
4608
4609
4609
4610
4610
4611
4611
4616
4616
4619
4619
4619
4621
4621
4623
4624
4625
4625
4625
4626
4626
4630
4636
4637
4637
4637
4638
4639
4639
4639
4640
4640
4640
4641
4642
4642
4642
4643
4643
4644
4644
4644
4644
4645
4646
4648
4649
4651
4652
4653
4655
4656
4656
4659
4659
4660
4662
4663
4666
4667
4669
4670
4674
4675
4675
4677
4678
4678
4680
4680
4680
4682
4683
4684
4686
4687
4687
4687
4689
4691
4691
4693
4694
4697
4697
4698
4700
4700
4700
4700
4701
4702
4702
4706
4707
4708
4708
4709
4710
4711
4712
4713
4713
4719
4720
4723
4724
4724
4724
4725
4725
4727
4727
4730
4730
4731
4735
4736
4737
4737
4739
4740
4740
4741
4741
4742
4742
4742
4742
4742
4743
4743
4744
4744
4744
4746
4746
4748
4749
4750
4751
4752
4752
4752
4753
4754
4754
4755
4755
4760
4760
4762
4763
4763
4764
4764
4765
4765
4766
4766
4767
4767
4768
4768
4770
4772
4772
4776
4776
4777
4778
4778
4779
4780
4782
4783
4785
4785
4785
4786
4786
4787
4787
4789
4792
4792
4792
4793
4794
4795
4795
4796
4796
4797
4797
4798
4798
4800
4801
4801
4805
4806
4808
4808
4811
4811
4811
4815
4815
4816
4816
4818
4819
4820
4821
4822
4824
4824
4826
4827
4828
4828
4828
4829
4830
4831
4831
4833
4833
4836
4837
4837
4842
4842
4843
4843
4843
4845
4846
4847
4848
4850
4851
4851
4852
4852
4852
4853
4854
4854
4854
4855
4857
4857
4859
4859
4861
4864
4865
4865
4865
4865
4865
4867
4868
4869
4869
4872
4872
4876
4876
4876
4878
4879
4882
4882
4884
4885
4886
4886
4886
4887
4888
4889
4891
4892
4896
4896
4896
4897
4898
4899
4901
4901
4901
4903
4904
4904
4906
4906
4907
4908
4908
4910
4910
4912
4912
4913
4914
4918
4919
4922
4923
4923
4924
4924
4924
4928
4928
4928
4930
4930
4932
4932
4934
4935
4936
4936
4936
4936
4937
4938
4941
4941
4942
4943
4943
4944
4947
4947
4947
4947
4948
4948
4949
4951
4951
4952
4952
4954
4955
4956
4957
4957
4958
4958
4959
4960
4962
4965
4965
4966
4967
4968
4969
4970
4972
4973
4974
4975
4979
4980
4980
4981
4982
4982
4983
4986
4987
4987
4987
4988
4988
4989
4990
4990
4991
4991
4991
4992
4996
4996
4999
5001
5001
5001
5002
5002
5003
5003
5003
5004
5005
5006
5011
5011
5013
5013
5014
5014
5014
5015
5015
5016
5017
5017
5017
5018
5019
5019
5020
5022
5022
5023
5023
5023
5026
5028
5029
5030
5030
5031
5032
5033
5034
5034
5035
5037
5037
5038
5040
5040
5041
5041
5042
5043
5044
5045
5045
5046
5046
5049
5054
5054
5056
5057
5059
5062
5063
5063
5063
5064
5065
5068
5068
5069
5069
5069
5070
5070
5071
5073
5073
5074
5075
5076
5076
5077
5081
5082
5084
5086
5087
5090
5090
5091
5091
5092
5093
5096
5097
5099
5101
5101
5104
5105
5106
5107
5109
5110
5111
5114
5114
5115
5116
5116
5118
5120
5121
5122
5122
5123
5123
5124
5125
5127
5127
5128
5130
5130
5131
5132
5134
5134
5134
5134
5135
5136
5137
5137
5139
5143
5143
5147
5149
5151
5152
5152
5152
5153
5154
5155
5156
5156
5157
5166
5167
5167
5167
5171
5171
5172
5173
5173
5175
5176
5177
5178
5179
5179
5184
5186
5186
5192
5192
5193
5193
5193
5193
5195
5195
5196
5197
5197
5198
5199
5200
5201
5203
5204
5205
5207
5208
5209
5209
5210
5210
5211
5211
5212
5213
5213
5216
5216
5219
5220
5223
5223
5224
5224
5225
5225
5225
5225
5227
5228
5230
5232
5232
5233
5234
5234
5235
5236
5237
5242
5243
5243
5246
5247
5249
5251
5251
5254
5254
5256
5257
5260
5260
5261
5264
5266
5267
5272
5273
5275
5276
5276
5277
5277
5278
5279
5280
5280
5281
5281
5282
5285
5286
5287
5287
5288
5288
5289
5290
5290
5292
5294
5294
5294
5294
5295
5297
5298
5299
5299
5300
5303
5304
5307
5308
5308
5310
5310
5311
5315
5317
5317
5318
5320
5320
5320
5324
5324
5324
5326
5329
5330
5330
5331
5332
5335
5336
5336
5336
5336
5337
5337
5344
5344
5345
5346
5346
5346
5348
5349
5350
5351
5351
5354
5354
5355
5357
5358
5358
5359
5362
5362
5362
5362
5362
5363
5363
5365
5368
5368
5368
5370
5371
5372
5372
5373
5373
5373
5373
5374
5375
5377
5378
5379
5381
5381
5383
5384
5384
5384
5386
5387
5388
5391
5392
5393
5393
5393
5393
5394
5395
5397
5398
5399
5399
5400
5402
5402
5404
5405
5409
5411
5411
5413
5414
5414
5415
5415
5416
5417
5419
5421
5421
5422
5425
5427
5428
5429
5433
5433
5433
5433
5434
5435
5435
5435
5436
5436
5437
5437
5437
5438
5439
5439
5441
5442
5442
5443
5444
5447
5447
5448
5449
5450
5450
5451
5451
5452
5453
5455
5458
5459
5460
5461
5461
5461
5464
5465
5465
5466
5466
5469
5469
5470
5470
5471
5472
5472
5472
5473
5473
5473
5474
5474
5477
5478
5479
5479
5481
5481
5481
5482
5482
5482
5485
5486
5486
5487
5489
5489
5489
5492
5493
5494
5496
5497
5497
5499
5500
5500
5501
5501
5502
5503
5506
5506
5506
5508
5509
5511
5513
5513
5514
5515
5515
5515
5517
5521
5522
5522
5522
5523
5523
5523
5524
5525
5526
5526
5526
5527
5529
5529
5530
5530
5531
5533
5533
5533
5535
5538
5540
5541
5543
5544
5546
5546
5547
5549
5549
5550
5551
5551
5551
5551
5553
5553
5554
5556
5556
5558
5558
5559
5561
5561
5562
5563
5564
5565
5565
5568
5569
5569
5570
5571
5571
5572
5572
5572
5573
5573
5574
5575
5576
5577
5583
5584
5585
5586
5587
5588
5588
5588
5590
5592
5593
5594
5594
5594
5595
5595
5597
5597
5597
5597
5599
5600
5600
5601
5601
5601
5602
5602
5603
5603
5604
5604
5605
5606
5606
5607
5607
5609
5610
5613
5615
5616
5617
5619
5619
5620
5621
5622
5623
5623
5623
5625
5627
5628
5628
5629
5632
5632
5632
5633
5633
5633
5634
5636
5637
5637
5640
5640
5643
5643
5644
5645
5645
5646
5647
5648
5648
5649
5649
5649
5651
5652
5653
5654
5654
5655
5656
5658
5659
5660
5661
5662
5662
5662
5663
5663
5664
5666
5667
5670
5672
5672
5675
5676
5677
5677
5681
5681
5682
5682
5683
5683
5684
5684
5684
5685
5685
5685
5686
5688
5689
5689
5689
5690
5694
5695
5697
5698
5698
5698
5699
5700
5700
5701
5701
5702
5703
5703
5705
5705
5706
5706
5707
5708
5709
5709
5711
5712
5713
5714
5714
5714
5715
5715
5717
5719
5720
5720
5721
5721
5721
5722
5722
5722
5722
5723
5723
5727
5728
5729
5731
5731
5732
5735
5735
5736
5737
5738
5739
5742
5743
5744
5746
5746
5748
5748
5749
5750
5750
5752
5755
5759
5760
5761
5761
5763
5768
5768
5768
5769
5769
5771
5772
5772
5773
5773
5774
5780
5780
5780
5781
5785
5786
5786
5789
5794
5796
5797
5797
5797
5799
5799
5800
5802
5802
5803
5804
5804
5805
5807
5810
5811
5811
5812
5812
5812
5812
5814
5816
5817
5818
5818
5819
5819
5819
5820
5821
5824
5825
5825
5828
5828
5831
5832
5834
5835
5837
5838
5839
5843
5844
5844
5845
5845
5845
5846
5847
5848
5849
5849
5850
5850
5850
5852
5857
5857
5858
5860
5860
5861
5864
5864
5868
5869
5869
5871
5872
5872
5873
5874
5875
5877
5878
5878
5880
5880
5881
5882
5882
5885
5885
5887
5887
5887
5892
5894
5894
5895
5895
5895
5896
5897
5898
5899
5900
5900
5901
5902
5904
5904
5905
5906
5908
5909
5909
5909
5910
5911
5911
5911
5912
5912
5912
5913
5914
5914
5916
5917
5920
5922
5922
5924
5924
5925
5926
5927
5928
5928
5928
5929
5929
5930
5930
5931
5933
5935
5939
5940
5940
5941
5941
5942
5943
5943
5943
5943
5945
5948
5949
5951
5952
5953
5956
5958
5959
5959
5960
5961
5961
5962
5962
5963
5963
5964
5964
5968
5968
5968
5968
5969
5969
5970
5971
5971
5971
5972
5975
5975
5978
5979
5979
5980
5980
5981
5981
5983
5983
5984
5985
5986
5986
5988
5990
5992
5996
5996
5996
5998
5998
5998
5999
6000
6000
6000
6001
6001
6001
6002
6002
6002
6003
6004
6004
6005
6005
6005
6006
6008
6008
6009
6012
6013
6013
6013
6014
6014
6015
6019
6020
6021
6024
6026
6026
6026
6028
6028
6028
6030
6031
6032
6033
6034
6034
6034
6035
6036
6036
6036
6037
6039
6041
6041
6043
6043
6043
6044
6045
6049
6049
6050
6051
6051
6053
6054
6055
6056
6057
6058
6060
6062
6063
6063
6063
6064
6064
6064
6065
6066
6067
6072
6073
6073
6076
6078
6081
6081
6086
6086
6090
6092
6094
6095
6095
6095
6095
6097
6098
6099
6099
6100
6101
6103
6105
6107
6108
6110
6114
6116
6117
6117
6118
6119
6120
6121
6123
6125
6128
6128
6130
6130
6130
6130
6132
6133
6133
6135
6135
6139
6140
6143
6143
6144
6146
6146
6146
6148
6148
6148
6149
6149
6149
6149
6151
6152
6152
6155
6156
6156
6158
6160
6160
6162
6162
6164
6165
6166
6166
6169
6170
6170
6172
6172
6173
6176
6181
6182
6184
6185
6185
6187
6187
6187
6188
6192
6195
6198
6200
6200
6200
6201
6204
6204
6205
6206
6206
6207
6207
6209
6210
6212
6213
6215
6215
6216
6217
6218
6219
6219
6220
6220
6221
6224
6225
6226
6226
6228
6228
6228
6228
6230
6230
6230
6231
6232
6232
6234
6234
6234
6235
6235
6236
6236
6237
6238
6239
6239
6241
6241
6241
6242
6244
6247
6248
6249
6252
6252
6256
6260
6261
6262
6262
6263
6265
6266
6267
6269
6270
6271
6274
6274
6275
6277
6277
6278
6280
6281
6281
6283
6283
6285
6285
6286
6286
6287
6287
6288
6290
6291
6291
6291
6292
6293
6293
6296
6296
6297
6297
6300
6300
6301
6301
6301
6302
6304
6306
6307
6309
6310
6311
6313
6315
6317
6318
6318
6319
6322
6324
6326
6326
6326
6327
6329
6331
6333
6333
6334
6335
6336
6336
6336
6336
6336
6337
6338
6338
6338
6338
6339
6340
6340
6340
6341
6342
6343
6344
6345
6347
6348
6350
6352
6352
6352
6354
6354
6355
6356
6356
6357
6359
6359
6359
6359
6360
6361
6362
6362
6363
6363
6364
6365
6366
6367
6367
6368
6368
6369
6369
6370
6370
6370
6371
6375
6375
6376
6376
6378
6380
6383
6385
6386
6389
6392
6394
6395
6396
6397
6398
6399
6399
6400
6401
6402
6402
6403
6405
6405
6407
6408
6408
6411
6412
6413
6413
6414
6415
6415
6416
6417
6419
6420
6422
6422
6423
6426
6428
6429
6432
6432
6434
6435
6437
6438
6438
6439
6439
6439
6441
6443
6444
6444
6444
6446
6446
6449
6449
6450
6450
6450
6451
6453
6453
6454
6454
6455
6458
6460
6460
6461
6463
6466
6469
6469
6470
6473
6475
6475
6475
6477
6478
6478
6478
6478
6478
6479
6480
6482
6482
6484
6488
6488
6490
6490
6492
6493
6495
6497
6498
6500
6500
6501
6501
6501
6502
6503
6503
6505
6506
6507
6507
6508
6509
6509
6511
6516
6516
6516
6518
6518
6519
6520
6520
6521
6523
6523
6528
6528
6530
6531
6531
6531
6534
6534
6535
6535
6536
6536
6536
6536
6536
6537
6538
6539
6540
6540
6541
6542
6542
6542
6543
6544
6544
6545
6547
6548
6550
6551
6553
6554
6556
6556
6556
6559
6559
6561
6562
6565
6566
6567
6569
6569
6571
6574
6574
6574
6575
6575
6576
6578
6579
6579
6580
6582
6586
6586
6587
6590
6590
6590
6590
6591
6591
6591
6592
6596
6596
6597
6597
6598
6598
6598
6599
6599
6601
6601
6602
6604
6604
6604
6607
6607
6608
6610
6611
6613
6613
6614
6614
6614
6616
6617
6618
6618
6618
6619
6625
6626
6627
6628
6631
6631
6631
6632
6633
6635
6635
6636
6638
6638
6640
6641
6641
6642
6642
6642
6643
6644
6644
6645
6646
6648
6650
6651
6652
6653
6655
6658
6659
6660
6661
6662
6663
6664
6667
6667
6669
6670
6670
6670
6671
6675
6677
6680
6680
6680
6680
6682
6683
6687
6687
6687
6688
6689
6690
6690
6691
6691
6693
6693
6695
6695
6696
6697
6697
6698
6699
6700
6701
6701
6701
6702
6702
6702
6703
6703
6703
6704
6704
6706
6706
6708
6708
6708
6709
6709
6710
6710
6712
6713
6714
6714
6715
6715
6716
6716
6717
6718
6720
6720
6721
6721
6722
6723
6723
6724
6724
6725
6725
6729
6730
6730
6732
6732
6733
6733
6733
6734
6735
6736
6736
6736
6737
6737
6738
6738
6739
6740
6741
6744
6746
6746
6746
6748
6748
6748
6749
6753
6756
6756
6757
6758
6760
6765
6765
6766
6766
6768
6770
6770
6770
6771
6771
6772
6773
6774
6774
6776
6776
6776
6777
6777
6779
6779
6780
6780
6780
6782
6782
6782
6782
6783
6786
6786
6787
6787
6788
6791
6793
6793
6795
6795
6795
6796
6796
6798
6799
6802
6807
6807
6808
6809
6811
6812
6813
6814
6815
6815
6816
6817
6817
6817
6818
6819
6820
6822
6822
6823
6827
6828
6829
6830
6830
6831
6831
6832
6833
6835
6835
6836
6837
6838
6838
6840
6840
6840
6840
6841
6841
6842
6842
6846
6846
6846
6846
6847
6851
6851
6854
6854
6854
6855
6857
6857
6857
6858
6860
6860
6861
6862
6862
6862
6864
6865
6865
6865
6866
6868
6869
6871
6872
6872
6872
6872
6872
6874
6876
6876
6876
6878
6879
6881
6881
6883
6883
6884
6885
6886
6886
6886
6887
6888
6888
6888
6891
6891
6893
6894
6894
6895
6895
6895
6896
6897
6898
6900
6902
6902
6902
6903
6904
6906
6907
6908
6909
6911
6911
6914
6915
6918
6918
6921
6922
6924
6924
6924
6924
6927
6928
6929
6931
6932
6937
6938
6938
6938
6938
6939
6939
6940
6940
6940
6940
6940
6943
6944
6945
6947
6948
6952
6952
6953
6955
6956
6956
6956
6956
6957
6957
6957
6957
6957
6958
6963
6963
6964
6966
6966
6966
6967
6968
6969
6971
6972
6972
6973
6973
6973
6974
6975
6977
6978
6980
6980
6980
6981
6982
6982
6984
6985
6985
6988
6990
6991
6993
6993
6994
6994
6995
6995
6995
6995
6996
6996
6997
6998
7001
7001
7002
7002
7002
7003
7006
7006
7007
7007
7007
7009
7009
7009
7010
7011
7011
7014
7015
7016
7017
7017
7021
7021
7021
7022
7024
7028
7029
7029
7031
7031
7031
7033
7033
7035
7035
7038
7038
7040
7041
7041
7041
7041
7042
7042
7043
7043
7043
7043
7044
7044
7045
7046
7047
7047
7050
7052
7053
7053
7055
7056
7056
7057
7057
7058
7059
7060
7061
7061
7062
7062
7063
7064
7066
7066
7067
7068
7071
7071
7073
7074
7075
7076
7076
7078
7078
7083
7084
7084
7085
7086
7088
7088
7088
7089
7089
7090
7094
7095
7095
7095
7095
7097
7099
7103
7103
7105
7107
7108
7110
7112
7112
7113
7114
7114
7115
7116
7118
7118
7118
7120
7120
7121
7122
7122
7124
7124
7125
7125
7126
7127
7128
7128
7130
7131
7131
7132
7134
7134
7137
7139
7141
7142
7142
7143
7143
7143
7143
7144
7146
7146
7147
7148
7150
7150
7150
7151
7151
7152
7153
7153
7153
7153
7154
7154
7155
7157
7159
7160
7162
7162
7165
7166
7166
7166
7167
7168
7168
7169
7170
7170
7170
7170
7171
7172
7173
7173
7175
7175
7175
7176
7178
7181
7182
7182
7185
7188
7190
7190
7192
7193
7195
7196
7197
7199
7199
7200
7202
7202
7202
7203
7206
7206
7208
7208
7208
7208
7211
7212
7212
7213
7214
7214
7215
7218
7219
7221
7222
7222
7223
7225
7226
7227
7227
7230
7231
7231
7232
7232
7233
7236
7236
7239
7239
7242
7243
7243
7244
7245
7245
7246
7247
7247
7249
7250
7252
7254
7255
7255
7256
7257
7258
7258
7261
7263
7266
7266
7267
7267
7268
7268
7269
7269
7272
7273
7273
7275
7276
7277
7277
7278
7279
7279
7280
7280
7282
7282
7284
7287
7289
7290
7290
7291
7291
7293
7293
7293
7294
7295
7295
7297
7299
7299
7300
7300
7301
7305
7305
7305
7307
7309
7310
7310
7310
7311
7311
7312
7313
7313
7314
7314
7315
7315
7316
7316
7317
7319
7319
7319
7321
7321
7322
7322
7322
7326
7326
7330
7330
7332
7332
7335
7336
7337
7338
7338
7338
7338
7339
7339
7340
7341
7341
7341
7342
7343
7343
7343
7344
7346
7346
7347
7347
7347
7349
7351
7352
7352
7353
7353
7353
7354
7355
7356
7358
7359
7359
7363
7363
7364
7365
7365
7366
7368
7370
7370
7373
7373
7374
7375
7376
7376
7378
7378
7379
7379
7380
7380
7381
7382
7382
7382
7383
7384
7387
7388
7388
7389
7389
7390
7390
7391
7391
7391
7392
7393
7393
7393
7394
7394
7396
7397
7397
7398
7401
7403
7403
7404
7406
7407
7409
7410
7411
7413
7413
7416
7417
7417
7417
7418
7420
7420
7420
7421
7424
7426
7426
7429
7430
7431
7431
7434
7434
7435
7435
7437
7438
7438
7441
7441
7442
7443
7443
7448
7449
7450
7450
7451
7453
7454
7455
7455
7457
7457
7458
7460
7461
7462
7462
7464
7464
7465
7465
7467
7467
7468
7468
7469
7469
7470
7472
7473
7475
7475
7475
7476
7476
7477
7477
7478
7478
7479
7480
7480
7482
7482
7484
7484
7486
7486
7486
7486
7487
7487
7487
7488
7489
7490
7490
7491
7492
7492
7494
7494
7498
7498
7499
7499
7500
7501
7502
7504
7504
7505
7507
7507
7507
7508
7509
7509
7510
7511
7511
7512
7513
7514
7514
7515
7516
7516
7516
7517
7518
7518
7518
7519
7519
7520
7521
7523
7523
7523
7525
7525
7526
7527
7527
7527
7528
7528
7529
7531
7531
7531
7531
7533
7533
7533
7535
7535
7535
7535
7536
7539
7540
7540
7541
7542
7543
7543
7543
7546
7547
7548
7550
7550
7551
7553
7554
7554
7555
7556
7556
7556
7559
7559
7561
7562
7565
7568
7568
7568
7569
7571
7571
7571
7571
7572
7573
7573
7576
7582
7583
7583
7583
7587
7587
7588
7588
7589
7589
7590
7590
7591
7592
7594
7597
7597
7597
7599
7599
7600
7601
7601
7602
7604
7605
7605
7605
7606
7609
7609
7610
7611
7611
7611
7613
7615
7615
7616
7617
7617
7617
7617
7619
7620
7621
7621
7621
7622
7628
7629
7630
7631
7631
7633
7633
7634
7635
7636
7637
7638
7638
7638
7639
7640
7640
7641
7644
7646
7647
7649
7650
7650
7650
7656
7658
7658
7659
7661
7661
7662
7664
7664
7665
7666
7668
7668
7668
7669
7671
7671
7671
7673
7673
7674
7676
7678
7678
7682
7682
7682
7683
7683
7685
7686
7686
7687
7689
7689
7690
7690
7690
7690
7692
7693
7694
7695
7696
7697
7698
7701
7703
7703
7704
7705
7705
7706
7706
7708
7710
7710
7711
7711
7716
7718
7719
7720
7720
7721
7721
7721
7722
7722
7722
7722
7723
7723
7725
7725
7726
7728
7728
7730
7731
7731
7732
7733
7734
7736
7740
7741
7742
7742
7743
7745
7747
7747
7748
7748
7749
7749
7750
7750
7752
7752
7752
7752
7753
7754
7756
7756
7756
7756
7757
7759
7760
7760
7762
7762
7762
7762
7763
7764
7764
7766
7767
7768
7769
7769
7769
7769
7770
7772
7772
7773
7773
7774
7774
7775
7775
7775
7776
7778
7778
7779
7779
7779
7779
7780
7782
7785
7785
7786
7786
7786
7787
7788
7792
7795
7795
7799
7804
7804
7805
7806
7807
7808
7809
7813
7813
7815
7815
7818
7818
7821
7822
7822
7825
7826
7828
7831
7831
7833
7834
7834
7835
7836
7837
7838
7839
7839
7839
7840
7842
7843
7843
7845
7845
7846
7848
7848
7850
7850
7850
7852
7853
7853
7854
7854
7855
7855
7857
7857
7858
7859
7863
7863
7863
7864
7864
7864
7864
7865
7865
7865
7865
7866
7866
7867
7868
7869
7869
7870
7872
7872
7873
7875
7876
7876
7879
7879
7880
7881
7883
7885
7885
7885
7887
7888
7888
7889
7889
7889
7894
7895
7895
7897
7898
7898
7899
7899
7900
7900
7902
7903
7903
7906
7906
7906
7907
7907
7908
7910
7910
7911
7912
7912
7912
7914
7915
7915
7917
7918
7919
7920
7920
7922
7925
7926
7926
7928
7928
7929
7929
7929
7933
7933
7935
7935
7938
7939
7940
7940
7941
7942
7943
7946
7946
7947
7949
7950
7950
7952
7954
7956
7957
7959
7960
7960
7961
7962
7962
7966
7967
7968
7969
7971
7972
7973
7975
7977
7977
7977
7978
7979
7980
7980
7981
7983
7983
7984
7985
7986
7986
7987
7988
7989
7989
7990
7990
7991
7991
7992
7992
7992
7995
7996
7996
7997
7998
8000
8001
8001
8004
8005
8006
8008
8009
8010
8011
8012
8013
8013
8013
8014
8015
8015
8016
8017
8022
8022
8023
8024
8024
8024
8026
8027
8027
8027
8028
8028
8028
8030
8030
8031
8032
8032
8033
8034
8034
8035
8037
8038
8038
8038
8040
8040
8040
8041
8042
8043
8045
8046
8047
8050
8050
8050
8051
8052
8052
8052
8054
8058
8059
8059
8059
8060
8061
8061
8062
8063
8063
8065
8065
8066
8067
8067
8068
8068
8068
8070
8070
8071
8072
8073
8074
8075
8075
8076
8076
8078
8079
8080
8083
8084
8085
8085
8087
8088
8088
8090
8091
8092
8092
8093
8093
8098
8098
8098
8099
8099
8100
8100
8100
8101
8101
8101
8103
8103
8105
8106
8107
8107
8110
8112
8114
8114
8114
8114
8115
8115
8115
8116
8117
8119
8120
8122
8126
8126
8127
8128
8130
8131
8131
8132
8132
8133
8134
8134
8135
8137
8137
8137
8138
8138
8139
8141
8141
8143
8143
8143
8145
8145
8146
8147
8147
8148
8152
8157
8157
8158
8158
8159
8159
8160
8161
8163
8164
8164
8164
8166
8169
8171
8174
8175
8175
8176
8177
8177
8178
8180
8183
8183
8183
8186
8186
8186
8188
8188
8191
8191
