8190
8190
8187
8185
8185
8184
8184
8184
8183
8180
8178
8178
8177
8175
8174
8174
8174
8172
8170
8170
8170
8169
8168
8168
8168
8166
8163
8163
8162
8161
8159
8158
8157
8156
8156
8155
8154
8152
8152
8151
8149
8148
8148
8147
8145
8142
8141
8140
8138
8134
8134
8133
8130
8130
8125
8123
8123
8121
8120
8119
8119
8118
8117
8117
8116
8114
8113
8112
8111
8111
8109
8108
8108
8106
8106
8106
8105
8104
8103
8102
8102
8102
8099
8098
8097
8096
8096
8096
8095
8094
8091
8090
8090
8089
8088
8088
8088
8088
8088
8087
8085
8084
8083
8082
8081
8080
8079
8078
8076
8076
8072
8071
8071
8070
8070
8069
8069
8068
8067
8066
8064
8062
8062
8060
8057
8056
8055
8054
8054
8054
8053
8053
8051
8050
8049
8048
8048
8046
8045
8045
8045
8044
8043
8043
8040
8039
8038
8036
8032
8031
8030
8030
8029
8028
8027
8026
8025
8025
8023
8023
8021
8016
8015
8015
8015
8013
8013
8010
8010
8007
8005
8001
8000
7998
7996
7996
7996
7995
7995
7994
7993
7993
7990
7989
7988
7986
7986
7985
7985
7983
7982
7980
7980
7977
7976
7974
7974
7973
7971
7970
7970
7969
7968
7968
7967
7966
7965
7964
7963
7963
7960
7959
7958
7957
7957
7956
7956
7956
7956
7954
7954
7953
7952
7952
7951
7950
7948
7947
7946
7946
7946
7944
7943
7942
7942
7942
7942
7941
7940
7940
7939
7937
7935
7934
7931
7930
7930
7928
7927
7926
7925
7923
7923
7922
7922
7920
7920
7920
7919
7919
7914
7914
7913
7913
7913
7912
7911
7909
7906
7905
7904
7903
7902
7901
7900
7900
7898
7898
7893
7891
7891
7890
7890
7889
7889
7889
7888
7887
7886
7885
7885
7883
7883
7881
7879
7877
7876
7875
7875
7875
7875
7874
7873
7872
7871
7871
7871
7869
7867
7866
7864
7864
7863
7862
7860
7860
7860
7860
7859
7859
7858
7857
7857
7857
7855
7854
7854
7848
7848
7844
7843
7843
7841
7840
7839
7839
7839
7838
7838
7832
7831
7831
7830
7830
7830
7830
7830
7829
7829
7827
7826
7825
7823
7821
7819
7819
7818
7818
7818
7816
7816
7815
7815
7812
7811
7807
7807
7806
7806
7804
7802
7800
7799
7799
7799
7798
7798
7797
7797
7796
7796
7795
7794
7793
7787
7786
7785
7785
7785
7784
7783
7783
7782
7781
7778
7778
7777
7777
7775
7775
7774
7774
7773
7770
7768
7768
7767
7767
7767
7767
7764
7762
7759
7758
7758
7756
7756
7755
7755
7754
7753
7752
7750
7748
7748
7745
7745
7744
7744
7743
7743
7743
7743
7742
7741
7741
7740
7740
7739
7738
7737
7736
7735
7733
7733
7730
7724
7723
7723
7722
7721
7719
7716
7716
7714
7714
7714
7713
7711
7711
7711
7710
7709
7709
7707
7707
7707
7705
7704
7703
7702
7702
7700
7700
7699
7697
7695
7694
7694
7694
7693
7692
7692
7691
7691
7689
7689
7686
7686
7685
7684
7681
7680
7680
7678
7678
7677
7675
7675
7675
7673
7672
7671
7669
7667
7665
7663
7662
7661
7661
7660
7659
7658
7656
7650
7649
7649
7649
7648
7645
7644
7643
7643
7640
7639
7636
7633
7633
7633
7632
7632
7631
7630
7629
7629
7627
7626
7626
7625
7625
7624
7622
7622
7622
7621
7619
7619
7618
7618
7614
7613
7612
7612
7611
7611
7611
7609
7608
7606
7605
7604
7603
7603
7602
7602
7602
7602
7601
7601
7601
7600
7600
7599
7599
7599
7596
7595
7595
7595
7592
7591
7591
7591
7590
7590
7590
7589
7588
7586
7586
7585
7583
7583
7580
7579
7578
7578
7576
7576
7575
7575
7572
7572
7571
7571
7569
7568
7568
7567
7566
7566
7565
7565
7564
7564
7564
7563
7562
7562
7562
7561
7558
7558
7557
7557
7556
7555
7555
7554
7552
7551
7551
7550
7550
7546
7545
7545
7545
7545
7544
7543
7543
7542
7541
7541
7538
7538
7537
7536
7536
7536
7535
7535
7535
7535
7534
7533
7532
7531
7530
7530
7530
7527
7527
7525
7525
7525
7523
7521
7517
7517
7517
7516
7515
7515
7514
7513
7513
7511
7511
7510
7510
7510
7509
7509
7505
7505
7504
7504
7501
7501
7500
7499
7498
7497
7496
7496
7494
7493
7493
7493
7492
7492
7492
7491
7488
7488
7487
7486
7486
7485
7485
7484
7483
7482
7482
7481
7481
7477
7477
7477
7477
7477
7476
7476
7474
7473
7473
7472
7471
7470
7469
7469
7466
7466
7465
7464
7462
7461
7461
7455
7454
7454
7454
7453
7453
7453
7451
7451
7450
7450
7450
7449
7445
7444
7440
7438
7436
7434
7432
7431
7430
7430
7430
7430
7430
7429
7427
7426
7426
7426
7426
7425
7425
7425
7423
7422
7419
7417
7416
7416
7416
7414
7412
7411
7409
7409
7407
7406
7405
7404
7399
7399
7397
7396
7395
7394
7393
7392
7392
7390
7390
7383
7382
7382
7380
7377
7377
7377
7375
7373
7371
7370
7368
7367
7366
7366
7365
7363
7362
7361
7361
7360
7356
7355
7354
7354
7354
7351
7351
7350
7350
7349
7348
7347
7346
7344
7344
7344
7342
7342
7342
7342
7341
7340
7340
7338
7333
7332
7332
7331
7331
7329
7329
7327
7326
7326
7325
7324
7324
7323
7322
7321
7320
7320
7317
7316
7314
7313
7312
7312
7311
7309
7307
7307
7305
7305
7304
7304
7304
7303
7303
7302
7302
7301
7300
7299
7299
7298
7297
7297
7294
7293
7293
7288
7287
7285
7285
7285
7284
7283
7282
7281
7280
7279
7279
7276
7276
7275
7275
7275
7274
7273
7272
7271
7271
7270
7268
7264
7264
7263
7262
7262
7259
7255
7252
7249
7249
7245
7243
7241
7240
7240
7240
7240
7239
7238
7237
7236
7236
7235
7232
7231
7231
7230
7227
7225
7223
7223
7220
7220
7219
7219
7217
7217
7213
7213
7211
7211
7209
7209
7209
7208
7207
7207
7206
7206
7205
7204
7203
7203
7203
7202
7202
7200
7198
7196
7194
7192
7191
7190
7190
7189
7188
7187
7187
7186
7184
7184
7183
7183
7183
7182
7178
7178
7177
7176
7176
7175
7174
7172
7170
7167
7167
7166
7166
7164
7164
7163
7162
7162
7160
7159
7159
7159
7159
7155
7154
7153
7151
7150
7150
7150
7149
7149
7147
7147
7147
7145
7143
7143
7142
7142
7141
7138
7137
7136
7136
7134
7133
7132
7132
7131
7130
7130
7129
7128
7128
7127
7126
7126
7126
7126
7125
7124
7123
7122
7122
7117
7117
7117
7117
7117
7115
7114
7113
7113
7112
7112
7107
7107
7106
7106
7104
7102
7102
7101
7101
7100
7098
7098
7096
7094
7093
7089
7086
7086
7085
7085
7085
7085
7084
7080
7079
7079
7078
7076
7076
7076
7073
7072
7071
7069
7069
7069
7068
7068
7068
7067
7066
7065
7064
7063
7062
7062
7061
7059
7059
7057
7056
7055
7055
7054
7053
7052
7048
7046
7045
7045
7044
7043
7043
7042
7041
7040
7040
7039
7039
7037
7037
7036
7036
7036
7035
7034
7033
7033
7032
7029
7029
7029
7029
7029
7028
7028
7028
7028
7024
7023
7023
7020
7020
7020
7018
7018
7018
7018
7016
7015
7014
7014
7013
7013
7012
7010
7010
7009
7009
7008
7007
7007
7006
7005
7002
7002
7002
7001
6998
6998
6997
6997
6996
6995
6994
6994
6993
6993
6993
6992
6992
6990
6989
6988
6987
6986
6986
6983
6982
6980
6979
6979
6979
6978
6978
6977
6976
6976
6976
6972
6970
6970
6968
6964
6964
6963
6963
6963
6962
6961
6960
6960
6959
6958
6958
6956
6956
6955
6955
6955
6953
6953
6952
6952
6951
6949
6949
6947
6946
6946
6946
6945
6945
6944
6944
6942
6942
6941
6940
6938
6937
6937
6937
6936
6935
6933
6932
6930
6930
6930
6929
6928
6927
6926
6926
6924
6924
6924
6923
6921
6918
6915
6915
6914
6913
6910
6909
6909
6908
6908
6906
6905
6905
6903
6902
6901
6899
6898
6897
6896
6895
6892
6892
6891
6891
6890
6889
6887
6884
6880
6880
6879
6879
6879
6877
6876
6876
6874
6874
6873
6872
6872
6870
6870
6870
6869
6867
6867
6866
6866
6866
6864
6864
6860
6859
6856
6856
6854
6853
6853
6852
6852
6851
6851
6850
6850
6849
6848
6847
6846
6843
6841
6841
6840
6838
6836
6836
6836
6835
6834
6833
6832
6832
6831
6830
6829
6826
6824
6823
6822
6822
6820
6819
6818
6816
6814
6813
6813
6813
6809
6809
6804
6803
6803
6802
6802
6799
6799
6796
6796
6795
6792
6792
6791
6790
6788
6788
6788
6787
6784
6784
6783
6782
6782
6780
6777
6775
6775
6774
6774
6773
6773
6772
6772
6770
6769
6769
6768
6768
6766
6766
6765
6765
6764
6764
6763
6762
6762
6762
6759
6757
6757
6754
6754
6753
6753
6750
6750
6750
6749
6749
6749
6747
6746
6746
6746
6745
6745
6743
6743
6741
6741
6739
6738
6738
6737
6736
6735
6734
6733
6732
6728
6727
6727
6726
6726
6722
6721
6721
6720
6718
6714
6713
6712
6711
6707
6707
6707
6706
6705
6705
6704
6702
6699
6698
6697
6697
6697
6696
6695
6694
6693
6692
6692
6692
6691
6690
6689
6689
6688
6686
6686
6685
6682
6680
6680
6678
6677
6676
6674
6673
6672
6672
6671
6668
6668
6668
6668
6663
6662
6661
6658
6657
6657
6656
6655
6655
6652
6652
6651
6650
6650
6646
6645
6641
6641
6641
6641
6640
6639
6638
6637
6636
6635
6635
6635
6635
6632
6630
6630
6630
6628
6628
6627
6627
6626
6626
6625
6622
6621
6620
6619
6619
6619
6618
6616
6615
6614
6614
6614
6613
6611
6610
6608
6605
6605
6602
6602
6598
6595
6593
6593
6593
6591
6591
6591
6591
6589
6588
6588
6587
6587
6586
6585
6585
6585
6584
6582
6582
6580
6580
6578
6577
6576
6576
6576
6573
6573
6573
6571
6569
6568
6564
6563
6562
6561
6561
6560
6560
6559
6559
6558
6557
6557
6555
6554
6554
6554
6554
6552
6551
6550
6547
6546
6545
6544
6543
6543
6542
6540
6540
6539
6538
6535
6535
6535
6534
6531
6531
6529
6529
6528
6525
6525
6524
6524
6523
6520
6517
6517
6515
6514
6514
6513
6513
6509
6509
6508
6508
6508
6508
6508
6507
6507
6501
6498
6497
6496
6493
6493
6493
6491
6489
6488
6488
6486
6485
6484
6483
6482
6481
6481
6480
6480
6479
6479
6479
6477
6477
6476
6474
6472
6472
6469
6469
6469
6468
6467
6466
6466
6464
6463
6463
6462
6461
6461
6459
6459
6457
6454
6454
6453
6452
6448
6447
6445
6442
6442
6442
6439
6437
6434
6434
6434
6433
6427
6424
6422
6421
6420
6419
6417
6417
6416
6416
6416
6415
6415
6413
6412
6412
6410
6410
6410
6410
6409
6409
6405
6405
6403
6399
6399
6398
6398
6397
6396
6395
6394
6392
6390
6389
6386
6385
6385
6385
6384
6384
6379
6378
6375
6375
6375
6374
6374
6374
6374
6373
6373
6373
6373
6370
6370
6368
6367
6366
6365
6362
6362
6360
6360
6357
6356
6356
6356
6355
6353
6352
6351
6350
6349
6348
6347
6347
6347
6346
6346
6346
6346
6345
6344
6342
6342
6342
6342
6341
6339
6338
6336
6333
6331
6331
6330
6330
6329
6329
6328
6328
6324
6324
6322
6322
6320
6320
6317
6317
6316
6315
6315
6314
6314
6313
6313
6311
6310
6310
6309
6309
6309
6308
6306
6306
6304
6302
6299
6299
6297
6292
6292
6288
6288
6288
6287
6287
6286
6286
6285
6284
6284
6281
6280
6280
6279
6278
6277
6275
6275
6274
6273
6273
6273
6272
6272
6272
6271
6271
6270
6270
6269
6269
6268
6267
6267
6266
6265
6264
6262
6262
6262
6261
6260
6260
6256
6255
6254
6254
6254
6253
6252
6252
6252
6250
6249
6248
6245
6244
6244
6243
6241
6241
6241
6240
6237
6236
6235
6232
6231
6229
6229
6228
6227
6227
6226
6226
6226
6226
6226
6225
6225
6224
6222
6222
6220
6220
6220
6219
6219
6219
6219
6218
6218
6217
6217
6216
6214
6214
6214
6213
6213
6212
6212
6208
6207
6207
6206
6205
6203
6202
6201
6201
6200
6199
6199
6198
6197
6197
6196
6196
6196
6194
6194
6194
6193
6193
6193
6191
6191
6187
6187
6187
6185
6185
6184
6183
6183
6183
6182
6182
6182
6176
6175
6175
6174
6174
6174
6173
6172
6168
6166
6165
6165
6164
6164
6164
6164
6164
6163
6162
6161
6160
6159
6159
6158
6157
6156
6156
6151
6150
6150
6150
6149
6149
6149
6149
6149
6148
6146
6146
6145
6143
6142
6142
6142
6141
6140
6139
6138
6137
6137
6136
6134
6133
6133
6130
6127
6126
6126
6125
6125
6124
6123
6123
6121
6121
6119
6117
6117
6115
6115
6114
6114
6113
6112
6111
6109
6107
6107
6105
6105
6104
6104
6103
6102
6101
6101
6100
6100
6100
6100
6098
6097
6096
6095
6095
6093
6090
6089
6088
6087
6086
6084
6083
6082
6082
6082
6082
6081
6081
6080
6080
6079
6079
6077
6075
6074
6072
6071
6071
6070
6069
6069
6069
6068
6068
6068
6067
6066
6065
6065
6065
6065
6053
6052
6052
6052
6050
6048
6047
6046
6041
6041
6039
6038
6038
6038
6036
6036
6034
6032
6031
6030
6028
6025
6025
6025
6025
6024
6024
6022
6020
6019
6018
6016
6015
6015
6014
6014
6012
6012
6012
6011
6010
6007
6004
6004
6004
6002
6002
6000
6000
5999
5999
5997
5997
5996
5996
5993
5993
5992
5990
5990
5990
5988
5986
5985
5983
5981
5979
5978
5978
5978
5977
5977
5977
5976
5976
5976
5973
5972
5972
5971
5970
5968
5966
5966
5964
5963
5963
5963
5961
5961
5961
5960
5958
5958
5957
5957
5956
5955
5954
5954
5952
5951
5951
5950
5949
5949
5949
5948
5948
5946
5946
5945
5944
5941
5940
5939
5938
5937
5935
5934
5934
5933
5933
5933
5931
5930
5929
5929
5928
5928
5928
5927
5927
5927
5926
5926
5924
5924
5923
5921
5920
5920
5920
5919
5917
5914
5914
5913
5911
5909
5909
5908
5908
5907
5906
5906
5906
5905
5903
5902
5901
5899
5899
5899
5897
5896
5896
5895
5895
5894
5893
5893
5892
5891
5890
5889
5884
5883
5882
5882
5881
5880
5879
5875
5874
5873
5872
5872
5869
5869
5868
5868
5867
5866
5866
5865
5862
5861
5861
5861
5860
5858
5857
5855
5854
5854
5852
5850
5850
5849
5848
5848
5847
5846
5845
5845
5844
5844
5843
5842
5840
5838
5837
5836
5834
5834
5833
5833
5830
5829
5829
5827
5826
5826
5823
5822
5822
5820
5820
5817
5817
5815
5815
5815
5814
5812
5811
5808
5808
5806
5805
5805
5805
5804
5803
5800
5799
5798
5798
5797
5796
5795
5793
5791
5787
5786
5785
5784
5781
5780
5779
5778
5778
5775
5774
5774
5772
5772
5771
5770
5770
5768
5767
5766
5765
5764
5761
5761
5758
5758
5758
5754
5751
5750
5750
5750
5748
5744
5744
5743
5742
5736
5736
5735
5734
5733
5733
5730
5729
5727
5726
5726
5725
5725
5724
5724
5724
5721
5720
5720
5718
5718
5716
5716
5716
5716
5716
5715
5715
5713
5713
5713
5712
5711
5711
5704
5704
5704
5703
5703
5703
5702
5700
5700
5698
5697
5696
5693
5693
5692
5690
5689
5688
5688
5682
5682
5682
5681
5681
5681
5680
5680
5680
5679
5678
5676
5675
5675
5675
5674
5674
5673
5673
5672
5672
5671
5671
5669
5668
5667
5663
5661
5660
5659
5657
5657
5654
5653
5652
5651
5651
5651
5651
5650
5649
5649
5646
5646
5645
5645
5644
5644
5644
5643
5643
5643
5641
5640
5640
5639
5639
5638
5638
5637
5635
5631
5630
5628
5628
5626
5625
5624
5623
5622
5621
5621
5621
5621
5618
5618
5618
5616
5616
5615
5615
5615
5614
5614
5614
5613
5611
5611
5610
5608
5608
5607
5606
5605
5605
5604
5600
5599
5598
5598
5597
5596
5595
5594
5594
5593
5592
5592
5592
5592
5589
5587
5587
5586
5586
5586
5585
5582
5582
5580
5579
5577
5574
5574
5574
5573
5573
5572
5567
5567
5566
5565
5564
5563
5562
5561
5560
5558
5556
5554
5554
5554
5553
5553
5551
5550
5549
5545
5545
5545
5545
5544
5542
5541
5540
5539
5539
5538
5538
5537
5536
5533
5533
5533
5531
5531
5530
5529
5529
5525
5523
5519
5518
5518
5517
5517
5517
5516
5515
5513
5513
5513
5511
5510
5510
5509
5507
5506
5506
5506
5503
5503
5502
5502
5502
5501
5500
5496
5496
5496
5494
5494
5493
5492
5491
5491
5491
5490
5490
5488
5488
5487
5487
5486
5484
5483
5481
5481
5480
5479
5479
5477
5476
5476
5474
5473
5472
5471
5471
5468
5467
5466
5465
5464
5462
5461
5460
5457
5456
5455
5454
5453
5453
5452
5452
5452
5450
5449
5447
5446
5446
5442
5442
5441
5439
5438
5433
5433
5432
5431
5430
5427
5426
5425
5425
5422
5422
5422
5421
5419
5416
5416
5415
5413
5413
5413
5410
5410
5410
5410
5407
5406
5405
5405
5404
5404
5403
5402
5401
5400
5400
5396
5396
5394
5393
5393
5392
5392
5390
5388
5387
5386
5385
5384
5384
5382
5382
5380
5379
5379
5377
5377
5376
5375
5374
5373
5373
5371
5369
5369
5369
5369
5368
5368
5368
5366
5365
5364
5363
5361
5358
5358
5356
5356
5354
5351
5349
5348
5347
5347
5347
5344
5343
5340
5340
5340
5340
5339
5338
5338
5338
5336
5335
5334
5331
5330
5330
5329
5327
5326
5325
5324
5323
5318
5318
5317
5315
5315
5312
5312
5311
5311
5310
5310
5307
5307
5307
5304
5304
5303
5302
5302
5301
5301
5300
5299
5298
5297
5295
5293
5290
5289
5289
5288
5287
5285
5284
5283
5282
5275
5274
5274
5272
5271
5271
5268
5267
5267
5266
5265
5263
5263
5262
5259
5258
5258
5258
5257
5256
5255
5255
5254
5254
5253
5252
5250
5250
5249
5247
5246
5246
5245
5244
5244
5244
5243
5243
5243
5243
5243
5242
5240
5239
5239
5235
5232
5232
5232
5231
5231
5231
5231
5230
5230
5230
5229
5229
5228
5227
5227
5223
5223
5222
5221
5220
5218
5218
5214
5214
5213
5211
5209
5209
5208
5206
5205
5204
5204
5204
5203
5202
5201
5201
5199
5198
5195
5194
5194
5193
5190
5190
5188
5187
5186
5186
5186
5185
5185
5184
5183
5182
5182
5181
5181
5180
5179
5175
5175
5174
5173
5173
5172
5172
5171
5170
5170
5169
5169
5168
5168
5167
5166
5163
5162
5161
5161
5160
5159
5157
5157
5155
5154
5153
5153
5152
5150
5150
5150
5148
5147
5147
5145
5145
5143
5143
5142
5139
5138
5134
5133
5133
5131
5130
5129
5128
5128
5128
5126
5126
5126
5125
5123
5123
5121
5120
5116
5115
5115
5115
5115
5114
5114
5114
5113
5113
5112
5110
5110
5110
5110
5108
5107
5106
5104
5104
5104
5100
5100
5099
5098
5096
5094
5093
5093
5088
5088
5088
5088
5088
5087
5086
5083
5083
5082
5080
5079
5078
5075
5075
5075
5072
5072
5069
5068
5068
5068
5068
5066
5066
5061
5061
5059
5058
5055
5054
5053
5052
5052
5051
5048
5048
5047
5047
5045
5045
5044
5042
5041
5041
5039
5039
5038
5038
5038
5037
5033
5032
5032
5031
5031
5031
5031
5029
5027
5027
5027
5026
5023
5021
5021
5020
5018
5017
5015
5015
5014
5014
5012
5011
5011
5010
5008
5007
5004
5002
5002
5001
5001
5000
4999
4999
4999
4998
4996
4996
4995
4993
4993
4993
4992
4991
4988
4987
4987
4986
4981
4980
4980
4980
4979
4979
4977
4975
4974
4973
4973
4973
4972
4971
4971
4971
4971
4967
4967
4965
4965
4964
4963
4960
4960
4960
4959
4959
4959
4958
4953
4953
4952
4952
4952
4951
4950
4949
4949
4946
4944
4943
4940
4938
4938
4938
4937
4937
4937
4936
4934
4933
4931
4929
4928
4927
4926
4926
4926
4925
4922
4920
4918
4915
4912
4911
4909
4907
4906
4905
4904
4904
4902
4901
4901
4900
4900
4899
4899
4898
4897
4897
4896
4895
4894
4894
4892
4891
4889
4888
4888
4887
4887
4885
4885
4884
4884
4883
4882
4881
4881
4879
4879
4879
4878
4878
4878
4877
4877
4877
4876
4875
4874
4873
4872
4871
4869
4868
4868
4866
4866
4865
4865
4864
4864
4863
4863
4862
4861
4860
4859
4859
4857
4854
4853
4851
4850
4850
4850
4849
4848
4848
4847
4847
4846
4842
4842
4841
4840
4840
4839
4839
4839
4839
4838
4836
4836
4836
4835
4832
4831
4831
4831
4831
4829
4828
4828
4826
4826
4825
4823
4822
4822
4822
4821
4821
4818
4818
4818
4815
4815
4815
4813
4812
4812
4811
4809
4807
4806
4806
4805
4802
4801
4801
4800
4800
4798
4798
4797
4797
4796
4795
4795
4794
4794
4793
4790
4790
4789
4788
4788
4787
4787
4787
4784
4784
4781
4780
4779
4779
4778
4778
4776
4774
4774
4774
4774
4774
4773
4772
4770
4769
4768
4766
4765
4764
4763
4762
4762
4761
4761
4760
4759
4756
4756
4755
4755
4752
4751
4750
4750
4750
4750
4748
4746
4745
4745
4744
4743
4742
4740
4739
4739
4737
4736
4734
4731
4730
4730
4728
4728
4727
4726
4726
4724
4721
4720
4720
4719
4718
4718
4718
4717
4715
4713
4712
4712
4712
4707
4707
4706
4706
4705
4705
4703
4702
4702
4701
4700
4699
4699
4697
4696
4695
4694
4692
4687
4686
4685
4682
4681
4681
4681
4679
4677
4677
4676
4675
4673
4673
4671
4669
4667
4667
4667
4665
4665
4665
4665
4665
4662
4660
4659
4658
4656
4655
4655
4653
4653
4649
4648
4647
4647
4646
4645
4644
4643
4643
4643
4642
4642
4642
4641
4641
4640
4638
4635
4635
4632
4631
4631
4631
4629
4626
4626
4626
4626
4625
4625
4623
4622
4622
4621
4618
4617
4615
4615
4614
4614
4613
4613
4613
4612
4612
4612
4610
4610
4609
4609
4608
4608
4606
4606
4605
4604
4602
4598
4594
4593
4593
4592
4592
4591
4590
4589
4586
4585
4585
4584
4583
4582
4578
4578
4577
4577
4575
4575
4573
4573
4570
4568
4568
4567
4567
4567
4567
4566
4566
4565
4565
4565
4564
4563
4562
4562
4561
4560
4559
4559
4559
4559
4557
4557
4555
4554
4552
4552
4548
4548
4546
4546
4546
4544
4543
4541
4540
4538
4538
4538
4537
4537
4536
4536
4534
4531
4530
4528
4528
4527
4527
4526
4524
4524
4523
4523
4523
4522
4521
4520
4520
4520
4519
4519
4517
4517
4517
4516
4515
4515
4514
4513
4510
4509
4508
4506
4504
4503
4503
4503
4500
4498
4497
4497
4495
4494
4492
4491
4490
4485
4485
4483
4482
4482
4481
4481
4480
4480
4478
4478
4477
4476
4475
4474
4474
4472
4469
4468
4467
4467
4466
4466
4465
4464
4463
4460
4456
4455
4455
4454
4454
4454
4453
4453
4452
4452
4452
4452
4452
4451
4450
4449
4449
4448
4448
4446
4445
4445
4443
4443
4440
4439
4439
4437
4436
4435
4434
4433
4431
4431
4431
4430
4430
4430
4426
4426
4425
4424
4424
4424
4423
4422
4420
4417
4416
4415
4414
4413
4411
4411
4411
4410
4410
4409
4408
4407
4405
4404
4403
4402
4401
4399
4398
4397
4396
4393
4391
4391
4390
4387
4387
4386
4386
4384
4382
4378
4373
4373
4373
4372
4372
4371
4371
4371
4367
4366
4365
4363
4362
4362
4360
4360
4360
4358
4357
4356
4356
4355
4355
4353
4351
4350
4350
4345
4345
4344
4343
4342
4342
4339
4338
4338
4336
4336
4335
4335
4335
4333
4333
4331
4330
4329
4329
4328
4326
4326
4326
4325
4321
4320
4318
4318
4316
4316
4315
4314
4313
4312
4309
4306
4305
4303
4303
4302
4302
4301
4300
4299
4299
4298
4297
4296
4294
4294
4292
4290
4290
4290
4289
4287
4285
4283
4283
4280
4279
4279
4277
4276
4275
4273
4272
4272
4271
4270
4269
4266
4266
4265
4264
4264
4264
4263
4262
4262
4260
4259
4259
4258
4256
4254
4251
4250
4249
4247
4246
4246
4246
4245
4245
4245
4243
4241
4238
4236
4235
4233
4233
4232
4230
4230
4229
4228
4227
4227
4225
4223
4223
4223
4222
4222
4220
4218
4218
4217
4215
4213
4213
4213
4211
4211
4209
4207
4206
4204
4204
4204
4201
4201
4200
4199
4198
4197
4195
4195
4193
4193
4192
4190
4188
4188
4188
4187
4187
4186
4184
4184
4183
4183
4181
4179
4179
4178
4178
4177
4176
4172
4172
4171
4170
4170
4170
4169
4169
4169
4168
4168
4167
4167
4164
4164
4164
4163
4162
4161
4158
4155
4154
4153
4152
4150
4150
4149
4149
4146
4145
4144
4144
4143
4142
4142
4142
4140
4140
4140
4139
4138
4137
4137
4136
4136
4136
4135
4134
4131
4131
4129
4127
4125
4125
4124
4122
4119
4118
4118
4117
4116
4115
4114
4114
4114
4113
4112
4112
4110
4109
4108
4108
4108
4108
4108
4106
4105
4104
4103
4103
4101
4099
4098
4098
4098
4097
4096
4095
4095
4094
4094
4093
4093
4092
4092
4092
4092
4088
4088
4087
4086
4086
4085
4084
4084
4083
4082
4081
4080
4079
4079
4079
4078
4077
4076
4075
4075
4075
4074
4073
4073
4072
4072
4071
4070
4070
4069
4069
4068
4067
4067
4066
4066
4065
4064
4063
4062
4061
4061
4060
4059
4058
4058
4058
4057
4055
4054
4054
4054
4052
4052
4050
4048
4048
4047
4046
4046
4045
4038
4037
4037
4037
4036
4034
4033
4033
4032
4030
4028
4027
4027
4025
4021
4020
4017
4016
4013
4013
4013
4013
4013
4012
4011
4010
4009
4009
4009
4008
4008
4008
4005
4004
4003
4001
4001
4000
4000
3996
3988
3987
3987
3985
3985
3985
3984
3984
3982
3982
3982
3982
3981
3979
3979
3976
3976
3976
3975
3975
3975
3974
3972
3972
3971
3970
3968
3967
3966
3965
3964
3964
3962
3961
3961
3960
3960
3960
3960
3960
3956
3956
3955
3953
3953
3952
3950
3950
3949
3949
3949
3948
3947
3947
3945
3945
3944
3944
3941
3941
3940
3940
3940
3939
3939
3937
3936
3935
3934
3932
3931
3930
3929
3928
3927
3926
3926
3924
3924
3924
3923
3923
3923
3920
3920
3918
3918
3917
3917
3917
3915
3913
3913
3913
3911
3909
3909
3907
3903
3902
3902
3901
3901
3900
3899
3899
3898
3895
3895
3894
3892
3889
3886
3885
3883
3883
3883
3882
3878
3878
3877
3876
3876
3875
3874
3874
3873
3873
3872
3872
3871
3869
3869
3868
3868
3866
3864
3864
3862
3862
3861
3860
3858
3858
3854
3853
3853
3853
3851
3847
3846
3845
3844
3844
3843
3842
3840
3839
3839
3835
3832
3832
3831
3829
3827
3827
3825
3825
3824
3824
3824
3822
3822
3822
3822
3821
3820
3820
3820
3819
3818
3818
3818
3817
3817
3815
3814
3812
3811
3811
3810
3809
3809
3808
3804
3803
3802
3802
3802
3801
3801
3799
3799
3799
3798
3798
3796
3796
3794
3794
3792
3792
3792
3791
3791
3789
3788
3788
3787
3787
3785
3785
3784
3783
3783
3783
3782
3782
3780
3779
3778
3778
3776
3775
3775
3774
3774
3774
3773
3772
3772
3771
3770
3766
3766
3765
3765
3764
3764
3762
3761
3761
3761
3761
3761
3760
3759
3758
3756
3756
3754
3752
3751
3748
3748
3747
3747
3744
3744
3743
3742
3741
3741
3740
3739
3738
3738
3737
3736
3736
3735
3735
3734
3729
3728
3728
3728
3724
3722
3722
3721
3721
3721
3721
3720
3720
3719
3718
3718
3717
3717
3716
3716
3716
3716
3715
3713
3712
3712
3710
3706
3705
3702
3701
3701
3699
3699
3694
3694
3694
3694
3693
3691
3689
3689
3687
3685
3684
3682
3681
3677
3677
3676
3671
3668
3668
3667
3667
3666
3665
3665
3665
3661
3658
3656
3656
3654
3654
3653
3653
3652
3652
3651
3648
3647
3647
3647
3646
3646
3645
3645
3645
3644
3643
3642
3641
3641
3641
3640
3640
3638
3633
3633
3631
3631
3631
3631
3630
3630
3629
3629
3627
3627
3625
3625
3624
3622
3622
3621
3621
3619
3618
3618
3618
3618
3616
3614
3613
3613
3612
3610
3609
3609
3609
3608
3608
3608
3607
3606
3606
3605
3605
3604
3604
3602
3601
3600
3600
3599
3598
3595
3592
3591
3588
3588
3587
3586
3586
3584
3584
3581
3580
3579
3577
3576
3574
3573
3572
3571
3571
3570
3568
3566
3563
3562
3562
3562
3561
3560
3559
3558
3554
3552
3552
3551
3551
3550
3549
3549
3548
3546
3546
3544
3544
3542
3541
3541
3540
3540
3539
3539
3539
3539
3538
3537
3537
3536
3536
3536
3533
3533
3533
3532
3532
3531
3530
3530
3529
3528
3528
3527
3525
3524
3523
3522
3522
3522
3520
3520
3517
3516
3516
3516
3516
3516
3515
3514
3513
3512
3512
3512
3511
3511
3509
3506
3506
3505
3504
3503
3503
3503
3503
3502
3502
3499
3498
3497
3497
3496
3496
3494
3493
3493
3492
3492
3491
3490
3490
3486
3484
3482
3481
3481
3480
3478
3477
3476
3472
3471
3470
3468
3467
3466
3466
3465
3465
3464
3463
3463
3463
3462
3460
3459
3458
3458
3456
3455
3455
3453
3453
3452
3451
3450
3449
3448
3447
3446
3445
3444
3443
3443
3443
3440
3440
3440
3440
3439
3439
3437
3437
3437
3436
3436
3436
3436
3436
3435
3435
3434
3434
3433
3430
3429
3429
3429
3429
3428
3426
3426
3426
3421
3421
3421
3420
3419
3418
3418
3417
3417
3415
3412
3410
3410
3410
3410
3409
3408
3408
3407
3407
3405
3405
3404
3402
3401
3401
3400
3399
3399
3398
3396
3395
3394
3393
3393
3390
3388
3387
3387
3385
3385
3385
3384
3381
3381
3380
3380
3379
3379
3379
3377
3377
3376
3374
3373
3373
3372
3371
3371
3371
3371
3368
3367
3366
3366
3365
3364
3361
3360
3360
3359
3352
3351
3350
3350
3349
3349
3348
3348
3348
3346
3344
3341
3341
3341
3340
3340
3340
3338
3337
3335
3332
3332
3330
3330
3330
3325
3325
3324
3324
3323
3323
3319
3316
3314
3314
3314
3312
3310
3308
3307
3306
3305
3305
3304
3303
3302
3299
3298
3298
3298
3297
3295
3295
3295
3294
3292
3291
3291
3289
3287
3287
3287
3285
3285
3285
3284
3281
3280
3280
3279
3278
3277
3275
3273
3272
3270
3270
3268
3267
3266
3263
3262
3261
3260
3260
3260
3258
3257
3257
3256
3255
3255
3254
3252
3251
3251
3251
3251
3248
3248
3247
3246
3244
3244
3243
3242
3242
3240
3239
3236
3236
3235
3235
3232
3232
3232
3231
3230
3230
3229
3229
3226
3225
3223
3223
3222
3222
3221
3220
3219
3219
3219
3217
3214
3213
3213
3212
3212
3209
3209
3209
3208
3206
3205
3205
3204
3203
3203
3203
3203
3202
3202
3201
3201
3200
3199
3197
3196
3196
3195
3194
3193
3193
3191
3191
3186
3186
3185
3182
3182
3181
3181
3181
3181
3179
3179
3176
3176
3175
3175
3174
3174
3172
3172
3172
3171
3171
3171
3169
3168
3165
3165
3164
3163
3161
3160
3158
3158
3153
3153
3150
3149
3149
3149
3149
3149
3146
3146
3145
3143
3143
3142
3142
3139
3139
3139
3138
3138
3137
3130
3129
3128
3128
3128
3127
3125
3125
3125
3122
3121
3121
3120
3119
3118
3117
3117
3116
3116
3116
3115
3112
3111
3111
3108
3106
3105
3104
3102
3102
3101
3101
3100
3099
3096
3096
3095
3095
3095
3093
3092
3091
3091
3090
3090
3089
3089
3089
3088
3088
3087
3086
3084
3083
3081
3078
3076
3076
3076
3075
3075
3075
3075
3073
3071
3071
3069
3065
3064
3063
3060
3058
3058
3057
3055
3054
3054
3053
3052
3051
3050
3050
3048
3048
3048
3047
3046
3044
3041
3039
3039
3037
3036
3030
3030
3029
3027
3026
3025
3025
3024
3023
3021
3021
3020
3019
3018
3018
3017
3017
3016
3016
3016
3012
3012
3011
3010
3010
3010
3010
3008
3008
3008
3007
3006
3003
3001
2999
2999
2999
2998
2998
2997
2996
2996
2996
2996
2995
2994
2990
2989
2988
2988
2986
2986
2984
2983
2981
2980
2979
2978
2977
2977
2975
2974
2973
2971
2970
2969
2965
2965
2964
2964
2963
2963
2963
2962
2961
2959
2959
2959
2959
2958
2954
2953
2953
2953
2952
2951
2951
2951
2950
2948
2948
2946
2944
2944
2943
2942
2938
2936
2935
2934
2933
2932
2932
2932
2932
2931
2928
2925
2925
2923
2922
2921
2921
2920
2920
2919
2919
2919
2919
2919
2919
2916
2916
2915
2914
2913
2913
2911
2909
2908
2907
2906
2905
2905
2905
2905
2903
2902
2901
2901
2901
2900
2900
2900
2900
2899
2898
2898
2897
2897
2896
2896
2895
2894
2894
2894
2890
2887
2886
2885
2885
2882
2882
2882
2882
2881
2879
2879
2877
2876
2876
2874
2873
2870
2870
2870
2870
2870
2869
2867
2865
2865
2864
2863
2862
2861
2860
2859
2858
2856
2855
2854
2854
2854
2854
2853
2853
2852
2852
2849
2845
2845
2844
2842
2840
2839
2838
2836
2835
2835
2834
2830
2830
2829
2829
2826
2824
2823
2822
2822
2821
2821
2820
2818
2818
2818
2817
2817
2817
2817
2816
2816
2816
2816
2815
2814
2812
2811
2810
2810
2809
2807
2807
2805
2805
2804
2803
2801
2797
2794
2787
2786
2786
2785
2784
2784
2783
2783
2782
2782
2781
2780
2779
2777
2777
2776
2776
2774
2774
2774
2773
2771
2771
2768
2767
2767
2767
2767
2766
2765
2764
2764
2763
2763
2761
2756
2756
2756
2755
2754
2754
2754
2752
2751
2748
2747
2747
2745
2743
2743
2742
2739
2739
2737
2737
2737
2734
2733
2732
2730
2729
2728
2727
2727
2726
2726
2725
2720
2720
2719
2717
2716
2716
2715
2712
2712
2711
2710
2706
2705
2705
2702
2702
2702
2701
2701
2701
2696
2695
2693
2691
2691
2690
2688
2688
2686
2682
2682
2680
2677
2676
2676
2674
2673
2672
2672
2670
2670
2668
2668
2665
2664
2660
2657
2656
2656
2653
2652
2650
2648
2648
2646
2645
2645
2645
2644
2644
2643
2643
2641
2641
2641
2641
2639
2636
2635
2634
2633
2632
2632
2632
2630
2630
2630
2630
2629
2627
2625
2624
2624
2622
2620
2620
2619
2619
2619
2618
2618
2618
2613
2612
2612
2610
2609
2608
2607
2606
2606
2605
2603
2601
2599
2597
2596
2596
2595
2595
2595
2594
2592
2588
2588
2587
2586
2585
2584
2584
2584
2583
2581
2581
2580
2580
2579
2579
2578
2576
2575
2575
2573
2572
2572
2572
2572
2571
2571
2571
2570
2569
2568
2566
2565
2563
2563
2562
2561
2561
2558
2556
2554
2548
2548
2548
2547
2547
2547
2547
2547
2545
2545
2544
2544
2543
2542
2542
2542
2536
2535
2535
2535
2534
2534
2533
2531
2530
2529
2528
2528
2528
2528
2526
2522
2521
2521
2520
2520
2518
2518
2515
2514
2513
2512
2512
2509
2504
2503
2503
2502
2502
2499
2499
2498
2496
2495
2492
2492
2492
2490
2490
2488
2488
2488
2486
2485
2485
2485
2485
2484
2484
2484
2482
2480
2480
2479
2479
2477
2476
2476
2476
2475
2475
2475
2475
2474
2474
2472
2472
2472
2470
2469
2469
2468
2466
2464
2463
2461
2461
2460
2460
2459
2459
2458
2457
2456
2456
2456
2456
2456
2455
2454
2453
2453
2453
2452
2452
2449
2448
2448
2448
2447
2445
2445
2441
2441
2435
2434
2434
2433
2433
2433
2433
2431
2431
2431
2430
2430
2429
2428
2426
2426
2426
2426
2426
2425
2423
2417
2415
2415
2415
2414
2413
2413
2412
2412
2411
2410
2410
2410
2409
2409
2409
2408
2407
2406
2405
2405
2405
2403
2401
2399
2397
2396
2396
2395
2395
2395
2393
2393
2392
2391
2391
2385
2384
2384
2384
2382
2381
2380
2379
2379
2379
2379
2377
2377
2375
2374
2373
2372
2371
2371
2369
2369
2369
2368
2368
2366
2366
2364
2363
2363
2362
2360
2358
2358
2355
2355
2354
2352
2351
2351
2351
2350
2350
2349
2347
2346
2345
2344
2342
2342
2340
2338
2337
2335
2334
2333
2332
2330
2330
2329
2327
2327
2327
2325
2325
2324
2323
2323
2319
2319
2319
2318
2317
2317
2315
2314
2313
2311
2309
2308
2306
2302
2302
2302
2301
2301
2299
2299
2299
2299
2298
2298
2295
2295
2294
2293
2292
2291
2290
2287
2286
2286
2286
2284
2283
2282
2281
2278
2278
2276
2276
2276
2276
2276
2273
2272
2270
2270
2270
2269
2268
2267
2265
2263
2263
2263
2260
2259
2258
2258
2255
2253
2252
2250
2250
2249
2249
2248
2246
2245
2245
2244
2242
2239
2239
2239
2238
2237
2237
2236
2236
2236
2236
2234
2234
2233
2233
2232
2231
2230
2227
2227
2227
2224
2223
2222
2222
2221
2219
2218
2218
2218
2217
2215
2214
2214
2212
2212
2212
2209
2208
2206
2202
2202
2202
2201
2201
2199
2199
2199
2199
2199
2197
2196
2195
2192
2191
2191
2189
2189
2189
2188
2187
2186
2186
2186
2186
2185
2183
2183
2182
2181
2181
2180
2178
2177
2174
2174
2173
2173
2173
2172
2171
2171
2171
2171
2169
2168
2166
2163
2160
2160
2158
2158
2158
2157
2156
2156
2154
2153
2152
2150
2149
2148
2146
2145
2145
2144
2144
2142
2142
2142
2142
2141
2141
2141
2140
2140
2138
2138
2136
2135
2134
2134
2132
2131
2131
2131
2130
2130
2129
2129
2128
2126
2126
2126
2124
2124
2123
2123
2122
2122
2120
2119
2119
2119
2118
2117
2115
2114
2114
2111
2109
2109
2108
2107
2106
2106
2105
2104
2104
2104
2104
2103
2100
2099
2099
2099
2099
2098
2098
2098
2094
2094
2092
2090
2089
2088
2088
2087
2087
2084
2083
2082
2080
2079
2078
2074
2073
2073
2073
2072
2071
2066
2066
2064
2064
2064
2063
2062
2059
2058
2058
2057
2056
2055
2054
2054
2054
2053
2052
2051
2050
2049
2047
2039
2039
2038
2038
2037
2036
2035
2035
2034
2034
2034
2034
2031
2030
2030
2030
2028
2028
2027
2026
2023
2022
2021
2018
2016
2014
2013
2012
2010
2009
2008
2008
2006
2005
2003
2003
2003
2002
2000
1998
1997
1996
1995
1994
1994
1994
1993
1991
1990
1989
1989
1988
1988
1987
1980
1979
1978
1977
1977
1975
1975
1974
1973
1971
1969
1969
1968
1968
1966
1966
1965
1964
1963
1963
1960
1960
1960
1959
1958
1958
1957
1956
1954
1953
1953
1951
1950
1949
1948
1947
1946
1946
1945
1945
1943
1942
1941
1940
1940
1939
1938
1938
1937
1937
1935
1934
1933
1932
1932
1931
1927
1927
1926
1926
1925
1925
1924
1923
1923
1921
1921
1919
1917
1917
1914
1913
1912
1911
1910
1909
1908
1907
1906
1905
1905
1905
1904
1903
1900
1898
1898
1896
1896
1896
1895
1893
1893
1890
1890
1888
1888
1888
1887
1887
1886
1885
1884
1883
1883
1882
1881
1879
1878
1877
1873
1873
1872
1872
1871
1869
1868
1868
1867
1866
1866
1865
1864
1864
1864
1863
1861
1859
1857
1857
1856
1853
1853
1852
1852
1851
1851
1849
1849
1848
1843
1843
1841
1841
1840
1838
1837
1836
1835
1835
1835
1834
1833
1832
1832
1831
1829
1829
1828
1828
1827
1827
1826
1826
1825
1825
1824
1824
1823
1823
1822
1821
1820
1819
1818
1818
1818
1817
1815
1814
1813
1813
1811
1810
1808
1808
1806
1804
1803
1803
1802
1802
1799
1798
1798
1797
1796
1794
1793
1793
1792
1790
1790
1789
1788
1787
1786
1783
1782
1782
1781
1781
1780
1780
1780
1779
1778
1776
1772
1772
1769
1768
1768
1766
1765
1765
1764
1764
1763
1763
1763
1762
1761
1760
1759
1759
1758
1758
1757
1757
1756
1755
1754
1754
1754
1752
1752
1752
1750
1749
1749
1748
1748
1747
1745
1741
1741
1741
1739
1739
1739
1737
1737
1736
1736
1735
1735
1734
1734
1733
1732
1730
1730
1729
1728
1727
1726
1722
1721
1720
1719
1718
1718
1718
1718
1716
1713
1711
1711
1710
1709
1708
1707
1705
1705
1704
1703
1703
1703
1697
1693
1692
1692
1690
1689
1687
1687
1685
1685
1684
1683
1682
1681
1681
1681
1680
1679
1677
1675
1674
1674
1674
1674
1673
1673
1671
1670
1670
1669
1668
1667
1667
1667
1664
1664
1664
1660
1659
1658
1658
1657
1656
1655
1655
1654
1654
1654
1653
1652
1652
1649
1649
1649
1644
1642
1640
1638
1637
1637
1635
1634
1634
1631
1630
1630
1630
1630
1629
1628
1627
1624
1622
1622
1621
1620
1620
1619
1619
1617
1617
1617
1617
1617
1615
1614
1614
1612
1612
1612
1611
1609
1606
1606
1606
1606
1605
1604
1602
1602
1602
1601
1600
1600
1599
1597
1597
1597
1595
1595
1593
1592
1591
1588
1588
1585
1585
1584
1582
1581
1580
1579
1578
1578
1577
1576
1575
1575
1574
1572
1572
1568
1568
1567
1567
1566
1565
1563
1559
1557
1557
1556
1555
1554
1549
1548
1545
1540
1539
1539
1539
1538
1537
1537
1531
1528
1527
1526
1525
1524
1520
1518
1517
1517
1516
1515
1514
1514
1513
1512
1511
1510
1510
1509
1509
1508
1506
1506
1506
1505
1505
1504
1504
1504
1503
1502
1500
1499
1499
1498
1497
1497
1496
1496
1496
1494
1494
1493
1492
1490
1488
1488
1487
1478
1474
1470
1470
1469
1468
1467
1463
1460
1460
1459
1459
1458
1457
1456
1456
1456
1455
1454
1452
1452
1448
1448
1448
1447
1446
1445
1443
1442
1441
1441
1441
1440
1439
1438
1438
1436
1435
1435
1435
1435
1434
1431
1429
1427
1424
1424
1422
1422
1421
1419
1417
1413
1413
1411
1411
1410
1408
1407
1406
1406
1406
1406
1405
1405
1405
1404
1404
1403
1397
1396
1395
1395
1394
1392
1391
1389
1388
1387
1387
1386
1386
1386
1385
1384
1383
1381
1380
1379
1377
1377
1377
1376
1375
1374
1373
1372
1371
1371
1371
1369
1367
1365
1365
1364
1364
1362
1361
1359
1356
1356
1354
1353
1353
1353
1352
1348
1347
1345
1344
1344
1343
1343
1343
1342
1341
1341
1340
1340
1340
1338
1337
1336
1336
1334
1334
1333
1332
1332
1331
1330
1330
1330
1330
1329
1329
1328
1328
1327
1327
1327
1326
1325
1325
1324
1323
1323
1322
1321
1320
1318
1316
1315
1314
1312
1312
1311
1310
1309
1309
1309
1308
1307
1306
1304
1303
1301
1300
1300
1298
1296
1296
1295
1291
1291
1291
1291
1290
1290
1289
1289
1288
1287
1286
1285
1285
1284
1283
1283
1281
1281
1280
1278
1276
1275
1274
1274
1273
1271
1268
1267
1267
1266
1263
1262
1261
1260
1260
1259
1259
1259
1258
1257
1257
1257
1256
1255
1254
1254
1253
1252
1251
1250
1249
1249
1248
1248
1247
1247
1247
1244
1243
1242
1241
1238
1237
1236
1235
1234
1234
1233
1233
1232
1232
1232
1231
1229
1229
1227
1227
1224
1224
1223
1223
1223
1221
1220
1220
1218
1218
1217
1216
1213
1212
1212
1210
1209
1208
1208
1206
1206
1205
1204
1203
1203
1203
1203
1202
1201
1201
1201
1200
1197
1196
1196
1196
1195
1195
1195
1195
1193
1193
1192
1191
1190
1189
1189
1187
1186
1185
1184
1181
1181
1181
1180
1180
1175
1174
1173
1173
1173
1171
1170
1170
1170
1167
1167
1167
1160
1160
1159
1158
1157
1157
1155
1155
1155
1153
1153
1151
1149
1149
1148
1147
1147
1146
1146
1146
1144
1143
1143
1143
1143
1142
1140
1138
1137
1137
1136
1133
1133
1132
1132
1131
1130
1129
1129
1129
1128
1127
1125
1125
1124
1124
1123
1121
1120
1119
1119
1118
1117
1116
1116
1116
1114
1114
1113
1112
1112
1112
1109
1108
1107
1106
1106
1106
1105
1105
1104
1103
1102
1101
1100
1099
1098
1093
1093
1092
1091
1088
1088
1087
1087
1086
1085
1084
1081
1080
1079
1078
1078
1075
1075
1075
1074
1073
1072
1071
1070
1067
1066
1065
1065
1064
1064
1064
1064
1063
1062
1061
1061
1060
1058
1057
1055
1054
1052
1052
1052
1050
1048
1047
1047
1047
1044
1044
1044
1043
1043
1042
1039
1038
1038
1036
1036
1035
1034
1032
1031
1030
1030
1029
1029
1029
1026
1026
1022
1021
1021
1019
1017
1017
1016
1015
1015
1013
1013
1012
1012
1011
1008
1007
1006
1005
1004
1004
1002
1002
1002
1001
1001
1000
1000
999
999
998
996
996
995
994
993
992
991
991
990
989
988
986
985
982
982
981
981
980
979
977
976
975
973
972
972
971
971
971
970
968
968
967
966
965
964
964
964
964
961
961
961
959
959
958
956
956
953
951
951
949
948
946
946
945
941
939
939
938
937
937
936
934
934
932
932
932
930
927
925
924
921
920
920
919
919
919
917
917
916
913
911
910
908
908
906
906
906
903
903
902
902
901
900
899
898
897
897
897
896
895
895
894
894
892
891
890
890
889
888
887
887
887
886
886
886
886
886
885
883
882
881
880
873
872
872
871
870
868
867
864
863
863
858
858
858
853
853
853
850
850
848
847
846
846
845
844
844
842
842
841
839
837
837
836
836
834
833
831
828
825
825
824
824
822
820
820
818
817
816
815
814
813
813
813
813
813
813
812
812
811
808
807
805
804
804
802
800
800
799
798
798
797
794
794
794
794
793
793
792
790
789
786
785
784
782
782
778
778
777
776
776
773
771
769
766
765
764
761
761
761
760
760
757
755
753
752
751
750
750
749
749
749
742
741
741
740
739
739
738
737
736
733
733
733
732
731
730
728
728
725
724
723
722
719
717
717
714
714
713
713
712
712
711
707
704
703
703
703
701
700
699
699
699
697
694
693
692
691
691
690
690
687
685
684
684
682
682
681
681
678
677
676
671
670
670
670
669
668
668
667
665
664
662
662
661
660
660
659
657
656
656
656
656
656
655
653
653
651
650
649
648
647
646
645
644
643
643
643
642
641
640
639
639
637
636
635
635
635
635
634
632
632
631
628
628
622
619
618
618
617
617
616
616
615
615
611
611
610
609
609
607
607
607
607
606
606
606
604
604
602
602
601
600
596
596
592
592
592
592
592
592
591
589
589
588
588
585
584
584
583
582
582
581
575
575
574
572
571
571
571
570
568
565
564
564
563
561
561
558
557
556
556
554
553
552
551
551
550
549
548
548
547
547
546
545
544
543
543
542
541
541
540
538
537
536
535
534
533
532
532
530
530
530
529
527
521
521
520
520
519
518
518
517
517
516
511
509
508
507
504
502
500
499
499
498
495
494
492
491
487
486
486
485
483
482
480
478
478
478
477
477
469
468
467
466
466
465
464
463
460
459
459
457
456
456
456
455
455
455
454
454
454
451
451
450
450
449
449
449
447
445
443
442
440
439
438
437
433
433
432
432
430
429
428
427
426
426
425
425
422
422
422
420
419
419
417
417
417
414
414
412
411
410
410
409
407
407
407
407
406
403
400
400
400
399
398
397
396
394
394
394
394
394
392
391
391
390
390
390
388
388
384
382
382
381
378
378
376
376
375
373
373
373
369
368
368
364
363
363
363
361
361
356
356
355
353
353
353
353
352
351
351
350
350
349
347
341
339
339
335
335
334
332
332
330
329
329
329
328
327
326
326
326
325
324
322
319
319
317
316
316
316
315
315
314
314
312
311
311
310
310
310
309
306
305
304
301
300
297
297
296
295
295
293
293
291
290
290
289
288
288
287
286
286
284
283
282
281
280
279
279
274
273
273
271
271
271
270
269
268
268
268
266
265
264
264
261
259
257
256
256
255
254
253
253
252
251
250
248
246
244
244
244
244
243
240
240
240
239
239
239
237
236
235
234
233
231
231
228
228
227
227
225
225
223
222
220
218
217
216
216
216
215
213
212
211
211
210
210
206
205
204
204
204
202
201
200
195
194
194
194
193
192
191
191
187
187
187
185
184
183
183
182
182
181
179
176
175
174
174
173
172
172
172
170
169
169
168
167
166
165
159
154
153
152
149
149
149
148
148
147
146
145
145
143
143
142
142
141
137
136
136
130
127
126
126
126
125
125
124
123
123
123
121
120
119
119
119
119
119
116
116
115
114
113
113
112
112
111
111
110
108
108
107
107
107
106
106
105
104
104
104
104
103
102
101
99
99
98
97
96
92
92
92
91
90
90
89
88
88
86
86
85
84
84
82
79
79
78
76
74
73
72
71
69
69
68
68
68
67
67
67
66
63
61
58
56
56
55
55
54
51
50
50
49
49
48
48
48
45
45
44
44
44
43
41
39
38
34
34
33
33
33
32
31
30
30
29
29
28
27
26
24
22
22
22
19
18
18
17
14
12
11
7
6
6
5
3
3
1
1
0
