7622
6443
2622
1786
1678
3570
4296
633
919
1340
1862
1574
7353
5147
7156
5594
3591
4156
4906
4425
7876
1235
5316
6552
5258
2852
2918
5512
1531
852
7001
6112
5954
2595
6392
5577
7445
2639
3499
2233
2506
2312
247
5944
852
5379
2363
4436
4596
4206
6628
2928
1922
1542
4947
2507
2169
7674
313
2033
5400
3210
104
2974
1130
1095
4901
5907
4457
6623
5615
2675
3712
3729
3470
6275
4902
7886
5602
5299
1587
4240
4038
7624
5167
859
2002
4827
2231
3171
4528
4893
7186
6998
2387
4712
2266
7894
5956
5511
2358
7976
5675
7293
7927
3492
4287
5291
3889
2561
4257
2188
2311
977
1034
2477
6727
3498
6893
2154
7445
7582
2348
999
2729
4090
3246
5462
4905
8177
4577
4358
1417
7929
6648
3271
2049
5771
958
6080
3738
5754
7538
4044
3783
6326
7303
6898
6701
5395
933
6417
5654
7565
2491
1710
3728
5638
4996
7113
2974
5989
3706
341
6889
4814
7899
6340
2503
324
1635
156
591
4288
1343
3902
5029
436
2083
5346
7007
5680
1220
1049
5570
958
8148
7427
3875
3696
5525
3143
3347
2333
3969
363
5531
1235
75
5735
6572
82
7036
3799
2766
5352
694
7102
8092
5485
105
4058
7359
6375
2936
2507
3735
1546
2615
6122
316
8017
6838
7152
6119
5933
7558
4959
6653
1412
3290
8137
591
1849
56
7518
3596
7969
7222
7933
3192
5776
2619
6030
2309
4313
7946
1635
2205
1761
1252
1737
811
6457
4435
7329
3868
7037
7541
3319
4355
2796
5245
4462
4523
5260
3761
6573
7547
6622
6879
751
7679
4948
1449
6629
8012
3958
4534
1956
7318
3882
1851
2789
4300
556
2576
6570
3983
281
7678
7388
4314
2442
8183
2855
1375
4008
7068
1953
7213
6554
3783
5081
7231
3222
7396
5755
8128
6058
675
3339
5457
971
1335
8084
8124
5690
2182
4910
4440
3359
3096
6242
4515
5840
347
914
1287
2565
7952
502
5407
5704
4164
2294
8180
5270
593
7867
3181
820
255
677
1822
1742
970
1787
5042
3513
6438
2071
828
1866
7844
510
7759
1349
3515
7748
6858
5168
6264
1880
4510
4696
3680
971
277
5462
3520
5795
3628
2452
50
1659
3422
5156
4185
2941
6896
6430
7223
7865
4173
4639
2355
6224
4514
2628
4077
5253
6640
5722
7580
1055
8139
8032
6761
5640
6013
3731
2238
1572
3508
6300
3384
2224
7732
2575
2905
1468
736
627
5626
7176
8100
702
1516
7637
3920
7523
1139
185
942
7315
1230
2212
6467
4200
161
7708
7607
7015
6665
2844
4290
3746
5403
5672
1118
3361
5645
5956
5316
1144
5092
6518
7735
2121
1677
2359
2360
365
3716
7263
6659
1692
6710
7224
6629
2513
7692
2650
1511
3972
39
7162
2929
1616
3209
7655
3870
6118
4957
2514
2705
1875
5894
2413
727
4856
7309
3641
199
1800
5683
184
4285
2909
4157
7355
5816
7905
868
4810
4306
7185
2840
2812
5535
1049
2190
251
2131
1577
3032
825
3044
4848
5000
6762
7244
2753
2153
3914
5234
6390
8123
6662
3224
8187
6942
6869
1267
3303
5416
6542
5900
3112
1321
6667
5249
5446
6252
7445
169
3030
1228
7659
788
1783
5449
2235
6538
1449
8191
1970
2392
500
3042
7541
131
4747
1931
717
287
1035
6345
500
5187
2291
6891
3905
2124
4263
4241
442
492
1922
6789
5664
6768
2152
6562
3796
7182
3502
7192
7776
253
7229
4486
4505
6402
2157
7296
511
1635
3505
7935
3610
1186
5480
4680
6659
3596
2283
5811
21
6007
144
3497
7070
4495
5328
3653
1106
1113
1623
7432
4446
2857
6826
65
6545
1454
4152
6187
6387
1509
134
6966
4927
1125
4521
179
6335
1416
135
7940
1389
7371
246
5042
6174
6857
2854
1342
7058
2184
480
5752
2524
1002
7029
7221
4816
4317
5975
6138
2582
3667
4650
6177
5292
379
5631
4224
3922
2903
3920
2703
4152
575
6816
6797
6741
4299
6722
3602
3563
1298
5639
4677
2270
3499
5273
754
5499
5466
4925
7112
5391
5001
5749
6504
5439
3926
5497
1366
7680
5900
2472
5804
4044
6098
2170
3924
5533
5201
1273
1023
1677
6046
120
6789
7314
6010
2515
2431
1902
596
3637
5157
3770
1623
7269
6775
3992
3283
6182
4036
2327
3462
6479
3481
7858
3612
6929
6187
1590
506
3027
350
7162
5120
2784
6831
3640
8033
7237
898
4575
7508
2016
3017
1465
3175
6306
6771
1249
3139
7416
8184
304
5977
6105
2103
1951
7525
218
4414
2614
4156
3173
2081
2080
849
7825
2009
6326
230
948
904
2465
4713
6465
7194
948
2116
3502
1351
4668
3479
4921
1935
7177
2916
6838
4314
1278
720
6678
7388
7944
1406
1613
3960
3863
7468
6105
35
6082
8105
364
1134
6665
611
3193
7390
6950
382
424
2514
7375
6825
7089
6793
3591
7546
238
5961
2860
950
2138
5808
5018
5711
5575
1672
1148
2823
2280
4407
8122
7714
7362
3049
623
7996
6170
7935
4574
7413
4537
3389
1131
5545
350
8034
5208
304
4714
1491
3399
1808
2483
6692
7966
7094
5098
7256
8042
1452
7263
5614
3595
4226
6450
5678
5714
1684
3611
643
6159
5434
4891
2920
3291
2467
6609
7747
8108
4302
234
1923
3231
5390
3944
3031
3191
4528
3200
7364
3350
7382
1920
6933
578
7085
5667
6843
4124
2647
3695
6027
7180
791
4549
5239
3535
3374
7470
8021
3996
2142
6804
3971
720
3272
101
5692
2621
3520
6525
4775
4621
6375
7162
6993
4031
4185
2118
6716
1667
6013
3386
6795
2714
1592
7345
6026
6502
1840
1481
2106
3746
1236
7717
4488
5741
16
5946
2392
3939
7594
5148
7959
2572
1737
2387
546
6144
4688
7321
1434
5264
2799
7333
7055
3055
7660
4039
2695
2394
1489
1889
2203
7868
5988
197
7027
2652
1381
3016
3482
1156
7748
2965
5575
5754
7647
7673
1546
7572
7114
5385
3611
1088
1158
2645
169
3394
529
2919
7947
713
6012
3581
1505
1708
7403
5493
6
6082
4102
6269
6618
450
6772
4473
3716
2954
4136
6127
2510
8102
3310
3761
3762
3013
2098
127
4990
1797
3095
2449
5245
165
5647
5230
5640
4051
2433
1569
699
664
7712
2881
7287
4437
572
2985
7131
3055
5238
5400
5340
3631
5998
444
7777
3438
7478
6814
2547
4029
36
174
5949
5307
5156
614
6546
1206
6179
3669
5312
6370
3367
4600
1932
1710
2555
7153
5841
826
6853
4903
4817
1734
5703
2791
7109
2599
7054
7623
6647
2937
1633
1017
7411
3935
7291
570
1181
26
3716
1927
4875
3199
1088
4775
4184
6718
443
3392
4045
3799
6841
3881
2585
2573
414
3745
444
5790
6002
1184
2160
2024
1114
4492
3585
7610
4996
7741
1815
7361
1276
5904
5525
6042
1245
7993
4525
6624
5291
5760
5264
1444
3130
5301
6582
6593
3777
1485
5424
771
6903
3829
841
5393
1669
7683
3088
3762
2825
5565
1039
5582
661
3511
8114
7108
4454
5351
407
7646
181
789
7001
3633
6696
3258
3622
3946
3137
1061
7165
1393
7631
1259
5788
2731
2541
3530
1478
3702
6139
6562
2096
1987
7479
2277
391
2977
6674
5945
2579
4761
5684
4334
808
5017
7996
7143
7521
7081
2610
2104
3321
5868
2863
7640
3327
2579
5620
3078
1937
2217
6742
170
3917
541
3579
1401
6823
3901
8149
5807
5355
1744
4042
5189
6422
2300
7421
192
6662
7721
7820
1292
2334
4869
1488
6839
2802
3300
5688
3867
6554
305
1843
837
2333
6552
2455
5171
3525
4865
7539
4869
6838
3719
4693
4341
4829
2972
7388
323
3480
1581
5541
5475
3537
2593
6673
1085
5479
4142
1181
6872
6868
5020
1261
3863
3337
2825
3304
8138
5522
4420
1718
2327
1263
2704
1288
6515
3703
5017
2929
6204
2532
3007
7891
2197
4171
5719
3640
7311
4978
3148
4980
4161
2348
2353
2413
526
3365
7906
3498
5276
2736
1665
3515
7272
4918
1200
4512
873
1754
842
7633
4655
391
4480
1318
6424
4641
761
214
5271
6934
2399
1979
6900
1755
5526
2707
7463
6210
7504
7997
6655
2769
39
7783
3141
5033
4198
7353
495
3548
1337
4363
2534
6035
7959
1098
7328
7916
5809
1353
5369
6445
98
5001
3127
3285
2593
4290
7875
6944
760
7063
3378
4327
5646
8185
1167
7778
86
1607
5476
6963
2240
5057
5277
5712
1088
2436
7644
784
4169
3677
2728
1143
6368
147
5023
6745
4029
7051
5294
4295
1625
83
3567
3715
7819
3260
6682
1044
77
552
228
147
3393
2530
3537
7456
5244
4303
4061
2983
1549
5906
1820
3014
4944
6865
1370
4513
6011
2163
5555
4602
7625
4062
3228
5706
3359
4058
694
8132
998
6368
5479
4850
3076
6791
4782
5514
2910
3615
2834
8072
6093
6519
1063
3916
4105
2886
7702
4534
4537
3042
4830
5063
5654
1732
2588
1934
3027
6477
6357
7080
6616
106
631
6373
4274
6120
7448
8020
2431
4790
1005
366
896
949
7019
5379
727
4835
5263
7514
7153
3114
4186
1345
2500
5412
6464
2823
7968
6128
6860
6435
5080
7472
7305
3616
4206
4475
3678
976
6664
7852
2851
2883
3212
6954
364
2108
826
5521
2226
7963
5407
3763
5611
7248
2287
3124
4570
4265
1164
2487
5566
3041
4896
6947
2295
3098
3988
47
6531
59
4324
3721
1934
4741
1442
7598
5195
5196
2356
1367
109
6791
2259
1862
1806
425
454
4091
1386
7840
7128
4601
3101
6161
2460
3824
8090
1993
1551
7359
7467
5957
4495
5378
6572
1488
3398
4345
3604
2647
1734
7581
529
6775
214
6515
4789
3038
6571
7446
1396
354
2773
1515
1999
965
8104
3925
4610
5252
4698
4149
7469
6577
3716
4312
6339
5000
3315
4126
2747
571
3591
7828
7266
3200
3449
7202
2724
6550
1784
4779
2929
3312
3028
7978
2040
2926
3712
5784
2126
7173
2841
3711
3003
5662
4431
3802
6560
2461
2777
1843
4522
1695
5080
6334
3133
6534
5248
3895
4718
6878
6998
4213
4699
7974
5825
1139
6745
2419
8003
7199
939
7045
8016
2858
4657
8167
6969
2044
3833
7799
7751
3344
4860
7197
7998
6289
4063
2922
5803
4959
5653
6562
3778
6390
4581
4920
5324
6258
4186
244
7834
5668
5732
5634
5446
6206
2437
7465
3738
2973
4976
4860
5800
2866
2128
5009
5465
577
6101
4060
7140
5114
6213
4411
6954
1982
2887
5707
3782
7864
8109
7074
5377
5004
421
2969
6138
7991
4687
3050
4292
1504
3378
7610
1324
960
2363
6017
4603
3491
1405
2121
5639
4902
2095
1320
6315
3043
6067
3366
1548
1737
7828
2749
5038
7646
2253
1546
835
1055
7291
3670
5274
4653
6968
3886
6405
1448
869
1196
7391
4660
1847
5869
2641
2025
3852
1761
2676
5767
2147
6933
2082
3407
3014
6959
1557
4953
2667
2650
7814
712
3731
3628
7606
2508
7210
7980
7761
7911
1590
7608
2943
4929
550
6402
4457
7800
1331
6858
3139
3464
2126
6617
3294
880
4595
3274
6165
2343
3798
8077
5653
5673
7343
1852
3135
7847
7906
4969
3991
7399
4657
2553
8077
7212
6563
7698
7692
2727
7903
3145
4227
4691
3957
4803
3906
3131
5869
7330
187
1466
7270
6798
811
6610
7936
2319
343
4647
3205
3873
2544
2819
7142
3940
4620
7375
1084
3174
6743
7280
132
248
7950
3277
6102
2285
4332
63
1641
4750
426
828
333
7975
4740
5520
6142
8102
3110
6193
7248
7138
5061
7976
4745
6037
6913
5643
7783
660
2996
1690
2768
6909
1161
2658
1025
1169
6188
1850
2151
443
2852
2600
788
1577
6553
797
6709
4967
3983
5701
239
7024
1590
1177
6694
4094
1490
1636
2756
1590
3428
1932
3658
6778
615
310
1859
3971
6322
6124
4916
3187
5293
5119
942
6312
2685
7682
7605
4119
4220
3774
8069
4818
2331
5329
2424
5427
568
1742
4104
4018
4523
1070
5771
3621
3973
1906
8058
4804
5862
3594
2325
6897
6744
1570
3125
4188
5721
3467
5400
775
7374
2092
74
7800
4521
3716
7004
6490
472
1937
1161
817
6555
1273
7455
760
6508
3759
4232
1348
5594
1617
4487
5476
3755
5313
3396
3359
3716
6375
4666
83
6893
216
2252
8065
5043
6850
1000
5550
4729
7504
5988
1706
4991
1311
5119
778
5678
5001
4450
7088
8158
4276
7717
4356
4389
7674
1262
3987
5182
5471
2684
8008
4596
7773
4050
4650
5521
4152
6431
5941
1246
3629
1865
1302
4070
982
6066
4991
5862
4428
6849
2418
6576
2228
2864
85
6505
3337
6744
2269
1808
7856
2742
7656
6790
2408
6877
7501
5790
1175
8009
5767
4155
3858
5857
3776
7503
1985
6407
417
2775
2496
1908
706
4178
974
2993
5757
1795
5534
7923
3975
452
2438
2759
7055
2104
1433
5449
2834
6240
7182
2275
2746
588
280
3803
1714
6773
1150
3699
3855
813
4377
5716
4070
4479
1553
4418
3528
1485
5976
1365
2433
5631
25
4283
6837
7075
5502
4364
6834
6729
1781
6714
1907
3085
7945
7570
3401
3896
4682
7441
3348
1881
3591
7632
389
7866
3276
8047
315
5883
6489
7601
6977
5758
6369
5023
6613
3345
6832
284
7006
6172
7560
156
5642
6931
2824
1110
6115
7210
2001
2362
5916
2580
7646
290
5664
2818
8034
6846
2393
3775
3577
2033
3073
8179
6007
3564
4977
8143
535
7531
79
6891
2512
3375
6624
3968
3164
603
1455
4281
1557
7879
7238
3836
3309
5918
173
4906
5694
851
3064
5778
3746
2929
3873
4220
1930
3984
5428
3612
3137
140
7652
3266
3997
873
4036
7836
3406
3387
416
6140
1658
236
2075
4305
4838
4773
75
198
2020
2871
3908
1049
8130
1108
683
7618
508
8100
7736
7605
487
3827
8180
7910
690
2845
6273
4621
2357
1826
378
3100
6895
4534
6750
6234
877
7351
6430
1987
3106
6202
8149
5296
3298
5764
4843
6579
3099
7602
5225
3336
1158
6101
2349
4789
6910
5691
7820
5036
6812
666
4613
97
4153
295
7687
5089
714
4128
7749
3733
1379
382
6638
7564
3295
5699
4918
5596
254
4771
266
2306
2849
8110
2982
5426
5893
2589
1744
5630
6533
1007
91
4573
604
5110
3919
8015
3761
1744
7411
4370
35
6291
1499
135
7739
5738
7112
5477
5372
337
1117
7036
6940
1113
2684
7456
7263
7296
7319
2378
6610
4157
4186
3767
4905
4585
235
3315
2870
2244
6312
3549
6271
3655
5994
5508
2969
3139
7364
7599
837
1711
4190
589
3391
2781
5286
7112
1626
5144
2203
3412
6604
6679
4145
1046
4834
3027
4189
7899
985
3230
2183
3712
5608
772
139
6267
2128
6395
5717
5514
5539
6553
6832
7931
3788
1732
2261
4191
4798
7366
815
4014
4293
7120
6422
683
2826
2357
6506
211
4276
6613
1490
6680
3317
4821
1798
3096
5408
2246
1517
789
5708
6721
5535
3844
3784
2851
4734
3588
7344
8044
4492
1715
3554
3941
3345
2529
6988
3446
6315
4873
4042
7298
7038
690
5975
3346
3424
268
7437
6029
6310
6199
7139
315
64
7380
1871
5431
4102
1130
5551
3428
7740
6432
5889
5126
494
2465
6280
1217
3397
5450
627
6871
1773
7477
4583
1949
7887
4588
6737
2896
4803
7608
8077
7724
7612
6478
4891
169
4612
6931
3262
3990
7339
583
6078
4416
2383
2757
7672
2183
2492
735
7918
7213
6601
5113
4319
7630
3675
956
4978
5147
7247
3332
3375
5652
943
3586
7962
5486
942
3899
5023
2344
1996
745
4249
1988
1497
3613
130
2967
998
3854
1548
4533
3319
1021
6693
2801
6426
6936
125
417
735
2172
7623
4418
4014
6135
2100
8008
3170
1109
4665
7641
3053
3756
5695
8148
7559
4637
5146
7646
5120
4668
3329
4299
5300
5300
5570
4213
7049
5624
2134
7794
112
633
3046
2264
5100
6939
5412
7913
6729
5941
6173
3061
2973
1587
4331
1352
6424
3880
4948
6082
4836
6054
2895
3814
1481
6783
1138
6056
2572
6680
1588
218
5992
739
4681
1024
2814
7765
7288
1202
1571
972
7199
2537
4026
3542
3059
315
162
6780
6407
7460
1882
7110
7384
3882
7144
5051
3161
7969
7305
2047
1843
341
5047
7025
1175
5302
701
50
1711
1301
48
3471
6693
6006
4768
4344
1384
336
1343
8124
7198
2037
4750
2896
2056
4503
4384
4215
3024
964
7459
681
4108
1706
279
6781
4663
1077
3661
5172
7288
5784
5686
6780
7932
4748
5747
509
3552
7330
2016
284
7548
2685
2983
4818
6183
5088
5752
5317
607
5481
2585
7115
6891
6053
1643
3206
845
7941
3906
6339
4368
2419
681
4281
4709
8123
5769
1763
2140
1605
3389
3626
6155
6449
6772
3824
7110
5076
7589
1458
8134
1821
6847
5308
7527
623
5699
7240
8147
4265
1505
5563
6333
2259
5368
1754
3889
5706
1019
636
6732
7540
3810
319
741
3123
329
3401
5964
887
997
4307
2359
2829
6043
1017
1684
2441
1141
375
4307
7913
6277
5018
7028
5565
748
5829
6535
8170
7501
2623
7095
2909
6500
4994
5532
2159
1515
3569
7078
7854
3573
7804
1190
2567
5540
3924
1342
1637
4327
3611
3012
5317
550
6995
5006
2956
4923
817
834
7183
4415
6341
6019
7810
1965
6044
7847
89
2476
5524
4372
4755
1321
7828
6712
1696
1180
2736
1595
4507
5991
2702
6144
3323
6137
3769
2221
7700
4393
8143
3703
5858
7348
3290
3030
5067
2928
2811
7147
7240
153
48
1562
1637
1447
5
7129
7161
139
2933
6886
201
5293
4113
7778
3130
5689
2450
5816
355
6482
3080
7702
984
5057
1341
6818
7464
4791
3524
1383
6774
6097
1149
4743
5657
3518
721
750
2089
5725
139
6064
2567
4225
4620
4860
6895
1033
6979
4344
2852
3987
4198
1197
3046
1497
2287
6728
5600
6802
4442
6650
5787
6906
6116
7855
3725
7770
5319
5157
4666
2977
7946
6875
7428
7410
1514
2295
3758
7796
2337
4440
7579
3601
3727
327
8022
3354
3118
5726
5239
7914
3468
7762
2348
2259
801
7852
6999
7332
2259
6505
7123
6494
4989
2893
444
6846
6544
136
4931
6811
2402
962
3149
7525
5106
6770
6976
6327
525
4247
2616
6002
3166
7667
3639
1770
6021
4567
5689
1204
6387
500
3712
2582
1995
8070
3282
4815
2171
7950
862
3823
1703
7584
2620
1502
7939
1890
4762
647
2729
4553
95
4531
7285
7781
994
1136
5328
5713
2095
7532
713
6272
5265
2784
3518
7355
6540
5339
8059
329
223
5020
7216
4469
4554
2543
1823
5933
2800
8111
3585
6929
736
6207
6691
5239
4228
7213
4021
178
3107
7537
3795
8093
3490
8098
7721
7685
6505
2852
7951
6072
7368
2571
6827
3745
5693
6578
5909
1589
7354
7279
4974
1822
2258
5889
7953
2996
104
1426
2295
2007
828
4416
4662
1053
3780
2674
7345
5055
2396
4955
3166
7438
7874
7047
1439
7484
3804
3991
2626
4518
1870
4880
1467
2961
2682
3247
2187
4066
2855
1267
1321
5330
2769
4714
6967
5549
7738
5645
4146
2804
7331
3228
213
5842
7252
7933
6530
1555
2993
1574
7256
6423
2171
3563
5081
2697
5361
6486
1133
2229
4261
2774
5387
1783
1018
8168
6224
5506
6887
4983
8137
3326
3396
2707
2143
4118
4008
5609
2657
5836
1005
5865
7106
7760
1975
1182
7737
1092
2927
6669
5291
6036
7598
4712
7821
7176
7360
1944
2525
2861
8014
6838
1146
1845
548
7608
7747
7761
7676
4178
2868
4637
3559
4726
3747
4906
1273
1103
195
6379
1586
455
6525
1925
2103
3860
5739
3209
2801
4307
3699
3985
4151
7855
8054
2761
6846
177
6303
91
7601
2032
3533
7215
4285
406
6783
1426
6959
4894
2413
2674
7948
7999
4652
7992
4918
6452
6768
3112
2187
6180
6611
7661
1784
1055
1285
5303
4226
6868
4738
1927
3059
630
2917
4891
8087
8078
7803
6571
1614
7856
2930
3750
7046
11
1148
1328
2594
2536
7249
7760
472
3107
1662
6935
1879
3004
3082
3551
7625
1989
1191
6874
525
2798
1485
904
3720
7558
4159
526
7439
1497
7975
329
1201
204
6839
1551
1042
5640
3372
3795
1299
7017
4582
711
4367
8047
4654
4926
6769
5172
7378
1132
6734
4674
4413
2409
4363
7952
2940
1586
3643
3438
7799
1635
7301
6782
2137
3325
7798
6201
6575
7869
962
942
4932
2832
7418
4784
1186
5692
7701
8132
970
6362
5279
1760
5825
3292
4652
8149
1037
1768
4521
4137
3577
3232
246
7400
1372
7733
8056
6690
1739
5438
5541
4605
7431
3565
5584
1537
7565
1324
6117
5125
502
2279
2730
4990
8013
2856
5698
4698
2751
4353
7374
6587
674
8155
3219
1580
4129
943
4085
3265
7968
1211
3396
1037
6381
2292
7311
7565
1549
3035
3109
151
4756
3378
937
5372
5993
7131
5717
2022
5291
3600
2803
7418
5155
7106
1237
1911
1531
7145
7457
8154
241
5115
3622
6843
3762
811
2177
6884
3298
7241
1855
3179
5529
7188
6102
5996
7038
520
1308
4496
5444
841
2316
5413
3038
3742
1544
1749
608
6868
4540
2196
7372
7030
5277
3487
1380
2297
4833
2517
436
3969
5759
3104
4138
6549
4979
2611
7372
6567
3490
2659
6898
3721
5419
602
124
7223
7377
3611
5291
3289
5880
1830
5316
1730
7993
4041
3928
3637
7711
4203
1275
3722
5744
3463
3000
4493
2427
6991
3826
4369
7042
6822
7770
4465
409
4378
3619
4316
7514
5884
7311
3081
3309
7085
3153
2593
2523
5523
4282
1631
2246
4620
7301
4997
1743
2112
953
3031
1519
2491
3617
7839
7374
1096
5183
6831
2948
7420
6995
5257
2076
1078
7456
5988
2751
6691
6354
7220
2661
2977
4294
747
7171
5552
7325
4826
5159
893
4616
2739
4035
7924
3565
617
3467
2148
4613
7518
5470
7796
6743
3629
3141
6119
5756
7235
5717
3440
681
961
7946
3825
1426
1976
1477
8003
5590
7320
1805
226
2523
824
2665
8090
184
1058
7383
5612
5335
1669
5322
5057
5983
1807
6083
5879
5657
486
952
6558
1789
2474
7745
5657
2700
1441
3721
3100
5996
1506
2293
7296
4449
8180
1793
824
1987
7450
7079
4464
7015
190
1077
5372
825
7767
1263
2477
3502
1816
3090
3378
2583
7923
6230
7070
4485
2862
6843
671
5713
2699
3756
4608
2558
7590
5415
807
7135
7769
1321
1542
595
5622
2059
833
2724
7345
5587
2398
192
512
3147
4506
2656
1783
6809
6506
7785
7017
1979
1267
2257
5838
6260
5847
5923
4629
859
4242
7865
736
4294
3925
4904
8014
6028
763
2634
6168
3349
2875
6351
4613
6978
2759
1031
5555
1075
1385
7567
6860
5254
5858
1755
2331
6075
6575
5069
3341
7957
410
1228
7683
7618
3256
5637
4897
6465
4433
3927
6070
5250
6214
4122
5086
1968
5596
5431
4660
7318
7995
1197
601
1527
1750
7911
7194
2676
5859
1694
889
1134
1435
2031
5611
2176
3469
5599
289
784
1206
5298
2031
306
605
788
1975
3490
5893
4863
3368
7052
7953
3696
2247
5807
2546
3964
2229
7185
4643
1177
5274
3438
4239
4741
6709
6493
1686
1891
3231
3574
2191
3279
3717
1366
1647
6248
6528
5015
1645
7880
7047
4841
5540
167
4566
664
6993
5467
4183
7198
1327
4733
6503
4346
3475
4939
1708
7483
136
634
5352
3413
1025
2091
3808
8098
3014
4008
6995
7997
3149
3199
1384
2528
3404
3357
5060
7692
3680
7748
7998
6773
5051
5313
3586
353
2190
2503
554
6041
4013
7788
7117
6641
7139
2146
3699
6224
4224
1685
514
4559
7207
2379
6378
6639
7226
7431
729
2203
1118
4189
5875
6429
5231
7724
1366
6792
7919
7004
2456
7768
1203
163
6718
125
8129
4071
2370
7121
4887
1293
5055
7184
7955
4849
4419
7540
6096
5919
4897
2926
5364
5689
4319
962
7941
3351
5839
4026
1943
240
5895
3871
1677
3599
4884
985
4623
7767
1672
785
2326
8088
6374
6638
7483
4049
497
8156
6422
4173
55
4940
6643
8065
2306
7370
3980
1856
5684
2323
474
7494
5364
3670
1408
3883
5099
737
7027
2424
7552
6496
4840
140
7912
1461
5735
6024
5639
8054
602
5890
2878
5700
3631
1594
202
4117
3783
1100
1443
140
7077
3044
3490
8142
5964
5786
5166
4579
6450
712
6727
4097
7368
2017
7510
4857
6585
7213
5017
4322
5597
2344
7916
5355
3969
2219
2566
6991
4014
5854
4522
3757
7873
6314
1690
2300
3185
6769
559
6070
5818
6587
4838
3916
7377
4503
3339
264
3196
1072
4941
5156
3511
1208
2499
1863
5082
2023
2561
7151
4619
1109
1923
5847
5433
4089
6220
3296
3736
4120
3697
7793
593
2700
7286
5499
7727
4800
373
5391
4122
1243
7177
2903
1223
745
7775
1363
390
6900
1205
4815
6719
6949
5482
814
5339
6026
4550
4481
6172
6860
1287
1979
3296
2490
4200
4885
2415
7474
5119
3025
5936
3441
4798
761
206
3590
2538
6945
6790
1679
34
3427
3616
6100
1309
46
481
8153
6298
7955
5299
7363
1303
5317
1248
7197
4585
5364
6639
6603
4509
4875
6596
4842
3675
7137
3496
481
4269
6308
2829
2454
4036
1172
1784
2198
114
2003
6321
7733
5335
2229
6965
6894
1658
4571
7267
2972
874
3053
4207
2399
6775
6763
6293
3160
8154
1743
6563
1766
197
3347
2843
3600
6187
313
2216
8067
4114
3173
3778
8048
6441
3794
4229
866
7554
5535
2632
2180
7237
542
4799
7238
944
3122
8085
4066
7786
412
759
6095
2801
7660
828
3793
6830
5680
3558
889
1110
4844
6818
814
5915
2854
919
1618
3291
985
5756
1924
3717
3541
2195
4227
2899
7533
6008
99
1987
1548
1634
501
4488
2463
1118
452
6467
24
6558
3988
6205
3380
4891
4051
3948
5722
4765
4538
5516
1005
369
3134
3275
4632
1393
1679
3674
1494
5738
7084
1169
6720
7898
4165
7562
1484
726
5841
632
6825
7538
4425
7818
899
5491
3860
3736
5963
2377
8095
5400
6899
5796
4226
84
7375
4031
7370
4319
3920
8168
6498
259
4807
1641
4309
2512
2350
1142
7014
5508
7086
1372
5411
2299
7647
724
804
1390
3045
2108
1778
452
6508
6731
6180
7968
4751
5369
385
2140
3331
938
2684
2426
5709
2086
1298
5219
4384
4555
4765
3713
927
6252
4635
6566
7426
1230
1159
3538
7083
1417
7956
5369
3219
544
372
4664
6145
6908
2969
6176
2587
3009
2405
6998
4848
4939
3226
1514
4797
6776
4608
2753
5081
7847
919
3699
4834
2303
6270
2972
978
5727
1529
5057
854
2385
596
7189
2283
7800
2526
4050
35
2502
2743
6627
5424
8048
6826
7998
1963
7350
4854
5444
6774
7181
514
5810
2783
977
4119
6547
3333
4562
6380
1393
5867
3975
496
3876
3293
3712
6380
7198
1286
4913
7839
5997
4220
4574
1586
7452
1662
8172
2249
2894
971
4275
2571
732
4499
2661
8156
4751
6856
7363
4082
2147
1798
4887
7960
1134
6516
5438
4025
6525
168
7371
4826
615
2411
5133
1163
505
5819
4718
2889
2335
381
3591
637
7786
3134
5010
35
1717
1143
3814
3019
5345
6570
5706
4912
607
4681
7611
4804
6436
6693
1347
1364
1726
4486
2876
7879
5615
4228
6743
1559
3784
5945
4398
4282
971
4050
4108
1535
3283
2023
238
1689
7709
3746
8141
464
938
5754
1752
7643
2057
3249
7908
5991
4932
1215
290
4520
3287
6100
2441
7308
3361
7444
4742
3035
6792
1951
2473
1225
8165
1448
5076
5920
351
5784
1596
1268
3666
3020
4954
5260
2065
5137
2148
4540
4932
6270
3537
2095
627
875
1219
4672
2784
1916
6725
7779
3957
7079
6593
2137
6317
5864
315
5804
4926
7619
5836
1496
2765
6015
1816
2348
2904
185
1249
2247
3111
3155
4773
209
7368
8019
3557
2096
4558
1240
2620
1699
5903
1667
1718
6090
4979
3311
1279
6547
6916
6725
1819
4717
2892
5293
336
2691
411
908
749
4588
3916
3147
5729
3405
1162
6913
325
7815
5150
188
3249
1456
2551
2804
6298
4339
4581
2631
4059
2646
3125
3611
537
8049
4900
6237
1046
2075
1989
310
709
6454
4079
5340
4712
7450
946
4893
5680
2819
6629
7368
6246
3328
2956
6418
5357
3185
2323
1401
4908
5992
3628
3250
22
1830
3662
4900
6369
7460
2455
7469
2984
1983
3387
2170
272
639
6703
1769
4742
5119
1709
3866
6584
6820
2723
4886
4486
6743
2959
1391
5602
911
480
5151
6640
5288
2323
114
576
4614
1394
3145
71
2729
120
1732
7456
578
6327
2370
370
25
1838
5742
4313
5156
3173
457
3735
1918
8104
1909
642
2282
5573
2547
1881
3047
6094
4986
2726
1163
579
7941
605
2751
8024
5469
615
7681
4541
7496
7501
2680
5921
5075
5435
4092
4421
2193
2000
7029
4559
7900
7760
7823
6095
2991
6219
7742
7894
4544
94
1701
1931
4958
5472
1206
612
2644
8049
2334
4223
3749
7314
2997
3899
6663
3589
7603
1053
2332
3235
7950
4876
7737
6551
4307
5523
732
6544
7078
2690
2873
3736
992
1932
7755
4183
4618
8080
2108
2147
6232
1594
5485
4611
1891
2879
622
4027
7323
872
1716
4009
7054
5028
6727
2324
7211
6795
3261
5228
4243
1871
29
924
7530
2961
7389
3791
4735
2274
7129
6896
7164
7549
5544
4063
3635
6198
6059
3837
4393
5276
6434
7462
638
2518
5738
6264
6833
7287
1447
6512
102
2600
1100
5142
3263
4697
7422
4332
1597
8003
2934
885
5305
922
2677
7745
1213
6854
1502
6244
2290
4517
8005
2222
3609
5299
2766
1559
5190
1505
2036
1633
3210
6346
4184
2957
7411
4258
3531
6817
2197
2418
2001
4910
4882
6203
3280
5274
7914
7591
117
7556
7493
123
313
488
2650
2852
5160
6061
339
3773
3740
5956
6180
590
4142
6638
2719
976
1940
515
7002
7945
3758
6032
4466
4878
1527
1616
8181
6200
3502
1806
1127
1252
4648
114
5806
1798
7450
6214
4146
4907
2917
4751
6258
6089
8032
3644
6762
1725
7029
7356
4836
6067
3852
705
6368
3999
7535
4729
3865
7480
1963
7184
366
7238
436
5865
4161
7270
4400
3911
7468
6236
187
111
444
5400
781
3684
5689
6301
6810
7329
4783
3704
7921
5422
81
3909
4777
1719
4308
413
810
3664
700
5032
3333
7430
5357
3295
2438
150
3359
3987
3879
7482
240
2502
4460
7211
243
1551
1303
2917
2714
2346
4828
6217
5786
310
4682
1333
5327
2950
3044
7123
7964
1992
8059
234
3788
1821
775
1507
6846
1862
1633
5878
4565
4621
5877
5949
4338
1088
4198
5486
1220
5107
1755
6746
1801
184
5899
7618
2151
6483
1665
5499
378
8023
4851
3967
6244
630
3661
4366
1658
6753
2566
1547
485
4097
2343
3167
269
3642
5509
5064
5134
261
2358
7036
2194
6518
1604
2575
7633
4317
2101
6854
4929
3922
8123
1016
2425
1708
2340
1971
6401
3496
6641
4362
4037
5334
5878
449
2114
5198
5812
1340
4921
7273
5829
7092
1955
497
6156
7434
6116
1741
5109
6831
5461
6527
3101
3711
7290
4040
4522
1999
2144
2877
3625
2971
5976
2629
1745
4203
2050
3483
3281
1665
1192
1001
6366
6697
6811
7183
6915
5464
2689
3597
3412
2478
6063
5380
2954
495
7314
7707
787
1417
4042
3130
5758
140
6780
3088
4686
6860
285
7101
3158
6546
697
4900
5353
5502
4314
3027
948
761
8086
8035
4347
7385
8087
4387
7531
6335
3158
604
3078
4635
2555
124
3512
5880
5723
431
3951
4208
8011
4243
4598
3106
4299
5048
7566
7494
3191
5162
6043
4089
4298
2342
706
6692
3202
531
7053
260
5396
5603
3746
7130
7735
1152
4208
664
5481
2063
6031
3788
2905
1579
1754
3377
7385
400
5514
1186
5774
2530
972
7256
1473
5909
361
3520
2953
2045
2092
8085
3781
3852
6686
5983
4082
5478
1925
3886
3573
7035
7146
3886
5108
6349
3199
446
443
4949
5149
1523
7739
3255
3892
7420
1796
586
4083
5277
2439
18
2981
6735
4248
433
3592
461
273
4885
5678
5903
7524
4516
6087
4559
7446
4902
49
2205
6662
5885
6942
1976
4645
5771
6276
3539
5515
6485
1181
3083
5078
4042
4540
6523
6692
7116
5930
3130
5838
125
7093
5329
4105
5062
4161
5637
1550
7309
1580
7532
4999
4724
3754
4740
1208
4275
4017
1809
5855
4206
3447
5750
6053
6714
5779
4176
1337
3633
5640
57
4410
4598
6342
24
1432
2283
4525
3981
5675
6516
3158
2726
4968
6256
7797
2066
2805
8045
6942
1413
1510
2510
6817
1355
4089
3986
4908
7320
4170
4465
7941
3459
1377
6599
2153
1409
577
87
6824
2305
12
3566
5278
6871
6892
347
4286
2951
1508
4975
6235
5659
6216
1573
7712
6134
4675
1715
6561
3447
4480
5846
1057
4281
2576
709
7316
2479
7270
3084
1215
871
2951
4699
5880
6384
7375
6244
7903
2753
1708
4510
2195
5240
2166
3373
4440
1
2463
4334
4330
331
618
5503
6233
852
1841
2325
3682
1910
5873
7021
6838
737
5684
2610
2813
4029
4933
3244
4989
6354
7489
218
6279
3253
5203
7783
4138
6744
4272
6107
77
2737
5194
929
7343
1192
6103
274
4585
6441
6224
1545
3188
6267
6812
3306
2339
6264
1688
5781
6745
2459
442
3574
5181
4152
123
6633
6564
3495
6678
5458
6762
3245
7426
3047
1730
3088
3803
7242
7596
7430
3588
5758
4235
6431
3585
4358
5024
2174
5228
304
4549
7810
2116
5576
5694
3512
4134
4443
1637
7640
6031
5515
6123
7658
3244
3819
4375
5172
3619
7334
5558
1215
3297
1411
864
4513
1226
2366
5861
3617
1942
1993
3504
5194
4020
1368
639
7250
437
4361
1165
1208
4015
4947
4557
799
7102
216
1270
3950
130
1446
2631
45
7648
5383
5110
2037
3470
970
4536
3232
4261
6042
7259
524
6846
57
7397
2504
8152
4380
2397
8114
4667
7783
2899
4246
482
4905
3566
5468
1598
7112
6706
4883
1942
7042
3673
6522
4800
7117
5366
1848
3833
1428
7338
6478
963
7413
2923
7135
5970
7918
2154
694
6951
7152
7051
717
1378
6788
1779
6525
1073
521
2251
1556
1103
3919
5025
1644
4860
3293
2801
2905
6790
2131
5650
5950
6983
1955
5095
5336
355
3716
126
51
5167
4381
1668
7741
4916
185
4386
6912
1422
1414
6018
697
5315
573
4004
6774
8173
6319
5733
2556
7734
1573
560
5895
261
6808
1390
2830
4815
1053
3593
5688
1298
2011
5655
1594
4016
4836
1056
7596
68
1856
4885
2717
8043
7472
7223
606
5085
3808
6433
4118
4832
1855
6132
5451
1953
7481
7514
947
8070
1521
4929
4280
624
7603
594
6910
4059
7078
2078
7141
3073
5118
1123
6591
3196
3045
539
7898
3550
1761
4666
3626
2801
7177
2167
5307
4858
6382
6129
169
743
1536
1495
4328
2882
3263
6538
3782
2901
6535
2425
472
7124
6732
5353
999
3710
2272
1929
1150
1176
7167
1006
7938
7843
1930
7528
5072
289
5171
7337
4484
7342
5135
4691
2495
1269
7884
6151
539
5868
371
5624
446
2675
3748
5839
7479
1920
6505
7253
6347
8112
7057
4384
7552
2275
7673
2337
931
3561
972
5643
6048
4726
1975
1289
406
1579
6795
8013
5941
6091
7510
5044
4428
2331
3496
161
7638
6899
2489
5052
7267
2006
5437
629
6546
1227
1897
6233
4065
282
534
1339
3425
1505
4769
2232
2282
13
6898
7439
3198
8003
5855
404
51
278
3211
3238
4285
7198
6462
7116
4694
7536
7526
783
7240
7107
5786
5488
2028
5961
7288
286
142
3938
2777
2752
5689
5712
180
4538
3641
8004
7771
4463
6095
6108
1936
3024
7583
2359
1792
620
5265
1508
4533
1264
2824
5187
998
3428
6412
5444
1787
4380
4045
3489
7494
5371
5893
5577
3548
1697
3908
1892
7602
3022
5098
1497
7853
7254
7676
795
3627
6152
1396
8071
4037
7410
6624
4398
7245
1634
2504
5675
1523
5000
6977
6533
6207
3383
1526
6571
7046
972
6395
6803
1931
3407
1192
4045
4174
5098
3402
4516
687
8152
3708
3105
3563
1636
7422
4564
5289
6136
1633
1057
7641
8100
6212
3800
7747
2639
5653
3938
6585
5476
577
3432
4738
3491
2447
4819
565
3463
1086
1184
7693
7624
7191
545
1567
7757
2369
654
4339
5347
3691
2974
6459
4935
6213
6547
4300
3814
815
2319
2404
4290
7583
7442
4238
49
5547
4863
2175
2799
3904
362
3128
4614
1683
5217
778
1604
5102
3587
4029
5764
4991
6503
5325
7200
4803
6080
841
6588
5976
3747
116
2329
3723
3812
4731
7767
3291
7335
6851
6587
4077
3358
2209
4645
6190
150
7984
7916
390
7938
2485
6638
6428
4891
412
3231
619
3
1587
7085
5509
7576
2066
968
5582
2186
1927
2892
2617
2116
1880
3089
6606
884
6997
4077
73
5208
1589
2584
5048
771
5467
7836
1431
6763
3423
3192
1360
7366
6722
836
6483
1872
1278
7235
1283
4304
2342
415
8095
4338
5302
5372
6685
2613
1612
7614
946
6352
2127
1154
1655
7496
7884
5820
5178
2794
238
5319
4174
3063
7107
3578
7137
7693
6658
1953
2368
2331
731
6747
7762
3480
245
6238
6834
4435
4808
158
6683
5377
4041
1836
3116
6808
945
6436
6263
643
1230
2009
1408
4984
5650
3851
3543
143
5271
1996
7385
3953
1591
7622
6344
7339
3956
7812
4116
4000
3809
8159
2214
5813
2227
89
6414
5539
843
1251
579
1163
7143
5261
7648
6690
3883
7155
5758
5195
5013
7755
4163
6440
6905
3524
3475
4747
5273
7010
671
3108
2856
619
2457
4614
2727
5167
3473
7166
4774
1650
5006
1907
1108
5470
5632
5484
7013
3714
2057
7757
6165
3762
6680
5692
6988
6616
2920
6800
4019
6498
724
1047
2158
2473
4392
1934
5306
5363
4097
964
1251
3718
5851
7455
3673
6913
3564
7092
2371
3228
6383
2732
4198
172
7743
3384
3107
3267
7751
6821
766
6105
6341
7544
1448
6669
8046
298
2942
739
1326
468
6057
2686
1786
1491
6514
4788
3103
2852
5490
1419
4718
4778
3371
4524
7211
8135
443
969
5569
2448
6593
3362
7840
5695
7676
313
3955
5486
2355
951
6217
4273
5041
3705
6106
7630
1924
6170
5028
5437
5846
5375
1065
4462
4243
1590
5188
2020
54
8079
5223
2001
3221
7245
5724
61
1758
2511
4967
428
4110
447
464
6146
4469
259
4235
5494
5684
710
7506
7930
4809
7075
3307
5983
1972
2769
5223
7591
2138
7837
6218
2860
5063
3705
2693
6540
7774
3282
3561
2718
3748
665
7594
1199
4608
6250
1612
1074
3669
8031
1062
1434
2408
7512
2183
3103
7685
5264
7054
5562
113
4482
3240
3269
6102
8133
2601
4520
6538
4278
6269
5045
1653
1434
85
418
7129
6572
2253
1493
6525
1123
5312
6151
2580
5388
4822
3878
6904
4419
1169
2144
2372
6288
5301
2535
4122
4073
4067
2857
759
1540
1818
7423
1172
6590
6973
294
3092
2313
3967
4795
3509
4752
4098
5338
8190
3639
4057
1791
6580
5952
2063
4395
3901
6979
8065
1895
8066
1641
1033
2583
6499
4519
6363
6074
7284
6994
48
1767
2943
7223
6160
627
8012
4327
4296
7433
1765
5105
2296
3873
2803
1236
1387
5960
1955
2365
5375
1959
8058
6762
2549
7907
7808
5331
1486
375
5329
2344
5108
655
6129
7728
1542
2330
2251
5199
1223
2854
6119
1452
3940
5229
4342
8015
758
3694
2551
5356
3122
825
2284
3627
2165
7678
1496
655
6630
5611
5818
375
8182
2823
4536
5284
4977
8009
6405
736
2185
8014
7802
399
5014
4165
1443
432
5427
112
5494
6088
6767
5154
2913
3605
7510
5136
5075
4832
3339
1879
3771
5722
4901
2646
7462
5899
712
1194
5962
707
5768
4010
1411
5229
495
4684
6847
2805
7479
3945
4789
4149
3020
959
580
882
3086
1744
7390
909
2120
3477
4136
2541
481
2593
2113
1878
479
3371
3513
1211
6506
3483
3208
8033
5242
2238
1096
7174
3636
142
350
2308
5282
2885
6214
2757
6029
4727
5297
5777
2078
7106
2695
518
5394
4295
1168
7231
3584
2259
2484
6727
4450
3965
5388
770
2507
5998
7408
5441
2581
8091
529
6807
3131
5862
2268
7613
5924
5088
7604
7706
3060
3211
284
921
6235
7973
1290
3389
2340
5682
624
1897
7331
3859
6145
66
4349
3420
5299
939
1353
2787
3167
5533
149
7064
4071
200
5780
3895
2185
1594
676
5399
5261
1455
5999
7921
4133
4116
4171
3959
5542
12
4872
3208
4958
7909
6872
2296
6554
3515
421
6145
238
1912
4941
3952
6002
1101
4410
851
5037
3117
1072
3730
3767
3079
6789
4541
5634
6147
753
547
2667
263
1220
1567
8155
2457
11
6902
2699
4040
4199
292
1966
2110
4008
5292
5012
2431
6237
6574
6980
4930
2190
1624
140
6483
4589
4242
6845
1691
2988
345
2587
5316
3145
5232
7870
4019
3216
6094
1098
6165
2908
2818
2626
596
2489
1876
7285
6865
5269
766
2297
1895
2972
1220
551
2323
194
3125
1242
7724
6624
726
8051
4997
829
6999
4059
7297
44
2004
6290
4735
5411
4962
6773
953
5803
7551
5744
2060
4702
4198
5129
7503
3630
6803
1265
277
5823
7679
8150
1496
7320
5761
3003
3914
2713
8058
8099
5197
5133
1527
8014
5068
4243
6226
5342
2272
3624
2609
6226
5637
2494
6485
360
60
1086
1274
2030
2704
2359
6499
721
3907
3712
2208
542
6995
5606
4204
7516
1775
5518
7449
4595
5267
7997
2033
3997
4402
1250
4837
8127
4596
4375
7671
5127
7531
61
6216
7716
738
6948
3592
2912
3559
763
7850
6427
8009
2455
6008
2427
2054
1555
5130
253
3026
5905
2271
1335
3381
4156
1964
950
6245
2829
5713
7482
7447
2947
311
5930
5104
1117
2702
7290
4098
1115
7867
534
1537
7304
6922
3094
7385
4108
6183
4999
6417
7972
2896
2966
5701
785
3569
5421
8143
8089
7667
7485
6443
7137
3283
6604
1053
2029
4069
4485
2345
4926
4519
5899
6115
3223
1711
890
4038
276
5777
259
3640
914
4790
1832
8186
5019
3550
7643
5835
4144
3158
990
388
5709
1802
220
3565
2435
1366
5510
7800
5888
4012
3682
4335
5732
1990
6886
6499
6452
5131
5402
2294
4227
2067
2590
4907
6783
4700
3347
1511
5906
2508
320
7645
3768
8146
2584
3905
4616
7450
3693
1126
3927
1993
1245
606
42
3773
6490
3891
7999
4980
3490
3027
1103
1258
4036
650
6898
3001
717
1309
436
4382
5827
7512
5368
1786
1843
49
4949
6559
3208
7730
5897
4525
3503
4079
1980
1282
6294
2050
2644
6882
698
1754
2244
1737
1033
2280
1027
1260
2243
5351
5711
3517
6151
935
7902
3728
262
398
6917
866
3594
3833
1991
6732
6315
6341
931
1923
5160
1500
4224
1887
2306
8167
903
7039
1813
280
6915
7027
2484
2805
5259
1695
3095
984
8035
1006
7377
4860
1130
8051
1728
3171
3875
6931
7831
7153
1880
5593
168
5544
2684
8003
7672
2710
3484
5605
7435
1902
7946
2526
5835
641
330
1457
7853
6329
6904
3945
5037
176
6560
5779
7133
759
1193
3002
927
2196
6819
1549
6922
5214
7310
4909
3698
8141
518
6994
6631
5343
5541
5355
2843
69
3478
3060
4504
2789
2295
2708
3091
6350
5061
7410
998
7179
4376
7864
8167
2472
5140
3330
24
2534
5258
7589
1845
1259
5008
6566
6525
967
4252
2893
7492
6674
2222
558
7745
5228
4662
7477
1413
6245
2632
2701
6850
5463
5817
6231
7741
7521
1696
2938
7176
2444
3312
4430
8116
4760
6572
5629
5012
3653
7383
2065
3894
4610
3374
5701
5972
4637
7346
4296
1627
14
354
5170
6634
6690
2774
4195
236
2102
4705
4030
556
2076
1327
1481
3815
2862
1150
1021
7208
5695
2665
1948
3091
5456
6496
5431
6789
4719
5218
2736
7084
40
1959
5402
1203
3609
4183
3716
7340
4994
2155
7140
7378
6042
7941
4908
6725
4294
2041
5572
8134
1795
7612
8018
1071
3789
678
4526
630
4618
297
7423
7000
3252
4797
6445
6338
6588
885
4396
6582
1998
4561
184
1331
6299
4348
3105
3810
2795
3623
5241
3083
136
6608
2008
5941
7409
5128
1850
2238
5615
6628
7649
6194
2262
2859
6108
4756
2161
1686
3886
2807
4787
2489
7493
5005
4416
7694
1691
5284
3039
143
4473
5186
7247
5036
2554
7273
7062
2012
2599
2061
4933
1176
5546
6219
6638
5974
4005
5682
2100
67
1003
2914
2145
6815
4854
5973
6607
612
824
2977
1424
6324
42
546
7140
7906
7720
6407
4429
3224
5109
3703
5309
5065
4992
7517
4696
5517
4656
3066
6891
6721
5679
4448
4291
3756
7781
1940
3816
1333
824
919
7713
1983
2150
687
4353
824
3745
5323
4172
1209
7278
4051
3489
4324
6310
3922
969
5441
4366
401
2386
4553
2458
2148
4165
822
1211
6997
6502
8136
7450
7563
5142
1344
397
7986
3917
2929
3120
7308
6925
4564
3935
2122
2679
976
2660
6388
2379
8025
6939
7921
1940
2272
2748
158
7225
3930
1469
6724
7121
2452
8152
1915
551
5393
1589
4703
6078
7475
1426
773
7293
6847
3822
7925
3921
1955
6810
1713
6363
7590
6776
8084
7029
2258
1472
1227
2780
3514
623
5470
5500
6526
5310
576
4774
5214
4212
2445
3485
2579
4473
4021
978
7388
4753
6314
5039
7276
5860
6023
3238
4470
815
8134
5158
1478
6087
1577
3836
6486
2144
6087
2874
3133
4075
387
4754
7623
3800
536
1313
2490
6960
3038
5122
6282
4773
2780
3089
1576
3688
4116
5096
2380
624
3602
952
4984
2775
3723
3900
3469
4492
8133
1468
8151
8041
5595
5186
5284
491
4828
7094
3374
475
7597
5848
2223
4265
7848
4374
2255
7746
8117
7013
1455
7795
4303
2603
6930
3182
2182
2299
6454
2278
4051
5511
5188
2280
4357
4529
1898
4719
4568
2525
6971
6753
373
935
5474
3087
5109
5199
4488
5263
2013
7564
7459
5874
4049
543
549
3767
3527
3800
5341
896
2008
3214
300
1564
5183
7790
6448
4130
1511
7851
1531
997
4378
2467
4537
5048
5310
4768
7413
6678
5493
2606
3898
5709
4659
7974
4799
1116
2949
4823
3102
7760
5757
7533
4295
4019
6338
6439
593
2357
5281
5356
2430
7925
2444
3538
5304
1035
2168
5201
2724
4758
7276
5601
5834
839
74
3512
5283
1786
3348
3110
2596
4249
4770
4158
4063
1782
605
3288
6193
2645
7259
4580
914
5955
7789
3238
7512
425
6037
2736
3492
945
1375
251
2881
871
6576
1215
1957
6196
7317
2182
6468
753
3319
7447
753
3587
3117
4502
3110
5984
2624
7602
5293
4112
3026
3885
4535
199
3888
7006
2606
4724
7523
1580
279
7669
3956
6347
3869
3431
2504
6475
1463
6890
2481
7200
4202
7843
8058
7422
4466
3250
7316
1357
6642
808
5668
1001
2403
2341
5326
2362
4220
1927
6128
193
6503
3995
4710
228
7812
5628
1794
3075
4988
2904
4703
6991
4106
4046
1201
4675
6770
6418
274
5672
4188
653
2087
2889
4806
1700
6725
2790
1203
2549
4846
6782
4255
7842
1416
7419
5930
3163
3130
7869
5964
6456
4067
2494
3938
6590
7804
473
7387
69
8039
886
4357
3252
7957
1973
948
5758
455
7923
1018
152
3290
4378
7254
8149
1180
3577
1805
383
4162
8173
702
1334
7301
2214
7032
2223
7934
2243
3363
5691
8146
1283
5776
876
5350
332
1300
288
513
3498
5797
2598
7442
865
2110
7166
3791
3954
6357
4908
2065
2546
4990
2522
7724
4601
8066
3642
1837
8066
257
733
7652
8128
7086
5470
6322
3382
2479
4250
6760
2164
8069
7128
7746
5610
575
1539
1420
759
1256
7355
7229
2615
5550
7752
6321
1179
2250
334
77
2208
2325
7809
5979
2012
713
2613
1328
2199
28
5053
1947
5860
6237
5818
6892
8061
1441
4522
3940
7431
5030
4758
1160
1025
2396
3498
2138
1594
8111
7374
8070
3805
4521
5876
1828
3206
5835
347
1369
5928
4043
7634
2025
353
2926
915
3089
3336
5481
6901
3877
926
189
6213
6548
7883
6948
4923
5229
2758
1474
3272
934
767
6808
3372
7284
7509
5383
4963
5933
5483
4402
4845
8188
2414
6698
1396
6655
3394
5577
3618
7936
3689
4007
290
3254
4176
8170
2791
2533
4496
2311
6744
7413
2365
5712
7063
7693
6465
4161
1542
7315
3710
4377
4325
3992
8084
256
4829
3894
5095
5302
75
8154
6293
316
2992
5607
4658
950
1688
3661
2045
7256
1560
3889
1613
8185
5387
2453
5961
7382
716
2651
1429
3847
1265
1673
1772
2132
1421
3448
1170
4506
2211
3262
5186
6766
1931
2008
4921
7087
6173
6832
481
1249
327
