509
507
505
505
504
503
503
502
502
501
501
501
499
497
497
497
497
492
492
490
490
489
488
487
487
486
485
485
484
484
483
483
483
483
482
482
481
481
481
480
480
478
477
477
476
475
475
474
474
474
472
470
469
467
467
467
467
466
465
465
464
464
462
460
459
458
457
457
456
456
456
455
455
453
452
451
450
449
449
449
447
447
445
445
445
445
445
443
443
443
442
441
439
438
438
437
432
426
426
426
425
424
423
423
423
417
415
413
413
413
413
412
412
410
410
410
409
409
407
406
405
405
404
403
403
402
401
399
396
395
395
394
392
392
391
391
390
389
389
388
387
385
385
385
385
383
383
382
381
381
381
380
379
378
378
377
376
376
375
375
374
373
371
370
370
369
367
367
367
365
365
361
360
359
358
356
355
354
352
351
351
351
351
348
347
347
346
345
343
341
338
337
335
334
334
334
333
332
331
330
330
329
328
327
327
327
325
324
323
319
316
314
313
311
310
310
309
309
308
307
307
307
305
303
302
301
301
301
301
300
299
297
296
296
295
295
295
294
290
289
289
287
285
284
283
283
279
277
275
274
273
273
272
269
268
268
268
267
267
267
266
266
266
265
265
265
264
262
262
260
259
258
258
256
255
255
254
253
252
250
248
246
245
244
239
239
239
238
233
231
230
230
230
229
226
225
225
224
222
222
220
220
220
218
218
218
218
217
215
214
213
213
212
212
211
209
209
207
204
203
202
202
199
199
199
198
194
194
192
191
189
188
187
185
184
184
184
181
177
177
176
175
174
174
173
171
171
170
169
168
168
163
162
162
162
162
158
157
156
154
154
151
151
151
150
149
149
147
146
146
145
143
143
142
141
140
139
138
136
134
134
134
133
130
127
127
126
125
123
122
120
119
119
118
117
117
114
114
113
113
113
112
112
112
111
110
107
107
106
105
104
103
101
101
101
101
100
100
99
99
99
99
97
96
92
91
90
90
90
89
88
87
86
84
84
83
83
82
81
80
80
79
79
77
76
75
74
73
72
72
70
69
69
69
68
67
66
66
65
62
62
61
61
59
58
54
51
50
49
47
46
45
43
42
40
40
39
39
37
35
35
34
34
34
33
32
32
30
30
27
27
21
19
17
17
17
17
12
11
11
9
7
7
6
3
3
2
2
2
1
0
0
