27
302
327
18
259
417
449
301
434
505
200
210
93
268
436
428
17
417
295
56
382
477
427
255
435
473
142
436
138
179
208
196
457
176
314
504
76
19
415
489
441
88
14
505
116
247
216
314
474
103
488
26
113
31
379
482
240
423
26
327
176
211
362
356
45
406
273
50
503
211
409
475
377
317
187
432
272
384
281
155
328
407
264
334
503
471
483
74
77
238
409
421
353
472
180
80
510
440
153
418
395
41
266
44
260
361
377
27
14
82
215
432
141
346
364
64
429
212
352
333
158
102
98
328
233
131
376
479
137
89
103
142
161
18
287
266
265
318
99
203
237
393
395
303
391
441
122
377
491
380
142
324
413
338
388
154
89
332
351
95
272
296
115
271
119
119
229
452
302
496
470
138
226
259
217
334
170
97
302
407
241
134
324
194
250
20
309
222
92
477
301
298
395
503
487
447
246
432
436
466
21
190
177
160
173
326
52
135
467
404
222
511
20
406
131
236
396
314
40
296
75
167
10
99
454
50
289
446
71
115
229
455
503
277
268
180
307
267
14
397
506
351
181
358
496
428
58
69
415
9
477
87
138
411
227
98
485
269
224
244
483
14
475
300
240
186
90
45
472
85
420
363
196
3
220
284
155
118
468
219
366
377
224
286
286
236
214
452
329
364
427
426
36
1
353
71
476
230
8
27
410
47
82
206
253
155
90
37
213
369
162
227
185
182
506
280
400
250
436
299
217
133
103
98
349
499
342
200
229
355
384
180
492
506
384
371
237
253
159
278
326
493
271
189
122
22
339
479
260
79
406
421
424
62
286
255
369
255
432
103
170
152
171
336
91
347
30
199
403
462
457
455
173
230
426
354
450
388
139
312
420
184
132
186
261
64
247
52
234
349
457
100
266
412
474
503
494
447
179
170
448
476
144
451
37
443
256
65
183
367
187
319
56
121
296
299
224
202
99
66
153
352
266
245
149
313
45
372
328
127
252
356
24
423
243
140
86
183
332
379
175
298
375
419
275
153
409
343
420
59
127
505
175
214
473
416
405
240
351
245
144
151
32
440
241
42
137
161
188
130
241
406
119
460
431
231
311
328
316
71
94
86
156
264
94
440
489
380
457
241
11
52
24
249
116
48
274
475
396
81
486
347
209
400
428
135
405
181
189
356
168
106
