3
3
6
6
7
7
7
8
11
11
14
15
21
21
22
23
24
24
25
25
26
26
27
29
30
30
31
31
31
32
32
34
34
36
36
36
37
39
40
42
42
42
44
44
44
44
45
48
52
52
55
55
55
56
56
57
57
57
58
59
62
62
63
64
64
64
67
69
70
74
75
75
75
75
79
79
79
80
81
81
82
83
83
84
85
85
85
88
90
91
92
92
94
95
95
96
97
98
100
100
101
101
101
102
104
106
109
110
111
111
112
113
114
115
115
118
119
120
121
122
123
123
124
126
128
130
131
131
134
134
135
136
136
141
142
142
144
145
150
151
152
153
153
153
154
154
155
155
156
156
157
161
161
161
165
167
168
169
170
172
172
173
174
176
177
178
178
178
178
182
182
182
183
183
183
187
187
189
190
191
191
191
192
192
192
193
193
194
194
195
196
196
196
196
196
197
198
198
200
204
205
207
207
208
209
209
210
210
212
213
214
215
218
220
221
221
221
223
223
224
226
226
228
228
228
228
229
233
233
234
236
236
236
239
240
240
245
246
246
249
255
255
256
256
256
257
257
257
258
258
259
260
260
260
261
261
262
262
262
264
265
265
266
266
266
267
268
268
270
271
271
272
273
278
278
279
279
280
280
281
281
281
282
282
283
283
283
288
289
290
290
291
291
292
295
296
299
299
306
306
307
307
307
312
313
313
314
314
315
316
318
320
320
321
323
323
324
325
326
326
327
329
331
331
332
332
333
334
336
336
337
339
340
342
342
342
343
344
345
346
346
348
352
352
353
353
354
355
355
355
356
358
361
361
361
362
362
364
367
367
368
369
371
374
374
379
381
383
384
385
385
386
386
386
386
387
388
390
391
391
393
394
395
397
397
398
398
399
401
401
401
401
402
402
403
403
404
405
409
410
411
411
412
412
412
412
414
414
415
415
417
417
418
418
420
421
421
421
421
421
423
423
424
425
425
431
431
431
431
434
434
435
436
438
438
439
440
441
442
442
443
443
443
444
445
448
449
450
451
451
454
457
458
459
459
459
460
462
463
463
463
464
466
468
468
471
471
472
473
475
477
477
477
478
479
481
481
483
483
483
485
485
486
486
487
487
488
488
489
490
492
495
496
498
498
500
500
500
501
501
501
502
503
503
503
504
505
506
507
509
509
509
